Printing from thread 0
   ID   |  i |  j |  k ||    x    |    y    |    z
      1 |  1 |-29 |  0 || 0.03448 | 0.00000 | 0.00000 
      2 |  2 |-59 |  0 || 0.06897 | 0.00000 | 0.00000 
      3 |  3 |-89 |  0 || 0.10345 | 0.00000 | 0.00000 
      4 |  4 |-119 |  0 || 0.13793 | 0.00000 | 0.00000 
      5 |  5 |-149 |  0 || 0.17241 | 0.00000 | 0.00000 
      6 |  6 |-179 |  0 || 0.20690 | 0.00000 | 0.00000 
      7 |  7 |-209 |  0 || 0.24138 | 0.00000 | 0.00000 
      8 |  8 |-239 |  0 || 0.27586 | 0.00000 | 0.00000 
      9 |  9 |-269 |  0 || 0.31034 | 0.00000 | 0.00000 
     10 | 10 |-299 |  0 || 0.34483 | 0.00000 | 0.00000 
     11 | 11 |-329 |  0 || 0.37931 | 0.00000 | 0.00000 
     12 | 12 |-359 |  0 || 0.41379 | 0.00000 | 0.00000 
     13 | 13 |-389 |  0 || 0.44828 | 0.00000 | 0.00000 
     14 | 14 |-419 |  0 || 0.48276 | 0.00000 | 0.00000 
     15 | 15 |-449 |  0 || 0.51724 | 0.00000 | 0.00000 
     16 | 16 |-479 |  0 || 0.55172 | 0.00000 | 0.00000 
     17 | 17 |-509 |  0 || 0.58621 | 0.00000 | 0.00000 
     18 | 18 |-539 |  0 || 0.62069 | 0.00000 | 0.00000 
     19 | 19 |-569 |  0 || 0.65517 | 0.00000 | 0.00000 
     20 | 20 |-599 |  0 || 0.68966 | 0.00000 | 0.00000 
     21 | 21 |-629 |  0 || 0.72414 | 0.00000 | 0.00000 
     22 | 22 |-659 |  0 || 0.75862 | 0.00000 | 0.00000 
     23 | 23 |-689 |  0 || 0.79310 | 0.00000 | 0.00000 
     24 | 24 |-719 |  0 || 0.82759 | 0.00000 | 0.00000 
     25 | 25 |-749 |  0 || 0.86207 | 0.00000 | 0.00000 
     26 | 26 |-779 |  0 || 0.89655 | 0.00000 | 0.00000 
     27 | 27 |-809 |  0 || 0.93103 | 0.00000 | 0.00000 
     28 | 28 |-839 |  0 || 0.96552 | 0.00000 | 0.00000 
     30 | 30 |-899 |  0 || 0.00000 | 0.03448 | 0.00000 
     59 | 59 |-1768 |  0 || 1.00000 | 0.03448 | 0.00000 
     60 | 60 |-1798 |  0 || 0.00000 | 0.06897 | 0.00000 
     89 | 89 |-2667 |  0 || 1.00000 | 0.06897 | 0.00000 
     90 | 90 |-2697 |  0 || 0.00000 | 0.10345 | 0.00000 
    119 |119 |-3566 |  0 || 1.00000 | 0.10345 | 0.00000 
    120 |120 |-3596 |  0 || 0.00000 | 0.13793 | 0.00000 
    149 |149 |-4465 |  0 || 1.00000 | 0.13793 | 0.00000 
    150 |150 |-4495 |  0 || 0.00000 | 0.17241 | 0.00000 
    179 |179 |-5364 |  0 || 1.00000 | 0.17241 | 0.00000 
    180 |180 |-5394 |  0 || 0.00000 | 0.20690 | 0.00000 
    209 |209 |-6263 |  0 || 1.00000 | 0.20690 | 0.00000 
    210 |210 |-6293 |  0 || 0.00000 | 0.24138 | 0.00000 
    239 |239 |-7162 |  0 || 1.00000 | 0.24138 | 0.00000 
    240 |240 |-7192 |  0 || 0.00000 | 0.27586 | 0.00000 
    269 |269 |-8061 |  0 || 1.00000 | 0.27586 | 0.00000 
    270 |270 |-8091 |  0 || 0.00000 | 0.31034 | 0.00000 
    299 |299 |-8960 |  0 || 1.00000 | 0.31034 | 0.00000 
    300 |300 |-8990 |  0 || 0.00000 | 0.34483 | 0.00000 
    329 |329 |-9859 |  0 || 1.00000 | 0.34483 | 0.00000 
    330 |330 |-9889 |  0 || 0.00000 | 0.37931 | 0.00000 
    359 |359 |-10758 |  0 || 1.00000 | 0.37931 | 0.00000 
    360 |360 |-10788 |  0 || 0.00000 | 0.41379 | 0.00000 
    389 |389 |-11657 |  0 || 1.00000 | 0.41379 | 0.00000 
    390 |390 |-11687 |  0 || 0.00000 | 0.44828 | 0.00000 
    419 |419 |-12556 |  0 || 1.00000 | 0.44828 | 0.00000 
    420 |420 |-12586 |  0 || 0.00000 | 0.48276 | 0.00000 
    449 |449 |-13455 |  0 || 1.00000 | 0.48276 | 0.00000 
    450 |450 |-13485 |  0 || 0.00000 | 0.51724 | 0.00000 
    479 |479 |-14354 |  0 || 1.00000 | 0.51724 | 0.00000 
    480 |480 |-14384 |  0 || 0.00000 | 0.55172 | 0.00000 
    509 |509 |-15253 |  0 || 1.00000 | 0.55172 | 0.00000 
    510 |510 |-15283 |  0 || 0.00000 | 0.58621 | 0.00000 
    539 |539 |-16152 |  0 || 1.00000 | 0.58621 | 0.00000 
    540 |540 |-16182 |  0 || 0.00000 | 0.62069 | 0.00000 
    569 |569 |-17051 |  0 || 1.00000 | 0.62069 | 0.00000 
    570 |570 |-17081 |  0 || 0.00000 | 0.65517 | 0.00000 
    599 |599 |-17950 |  0 || 1.00000 | 0.65517 | 0.00000 
    600 |600 |-17980 |  0 || 0.00000 | 0.68966 | 0.00000 
    629 |629 |-18849 |  0 || 1.00000 | 0.68966 | 0.00000 
    630 |630 |-18879 |  0 || 0.00000 | 0.72414 | 0.00000 
    659 |659 |-19748 |  0 || 1.00000 | 0.72414 | 0.00000 
    660 |660 |-19778 |  0 || 0.00000 | 0.75862 | 0.00000 
    689 |689 |-20647 |  0 || 1.00000 | 0.75862 | 0.00000 
    690 |690 |-20677 |  0 || 0.00000 | 0.79310 | 0.00000 
    719 |719 |-21546 |  0 || 1.00000 | 0.79310 | 0.00000 
    720 |720 |-21576 |  0 || 0.00000 | 0.82759 | 0.00000 
    749 |749 |-22445 |  0 || 1.00000 | 0.82759 | 0.00000 
    750 |750 |-22475 |  0 || 0.00000 | 0.86207 | 0.00000 
    779 |779 |-23344 |  0 || 1.00000 | 0.86207 | 0.00000 
    780 |780 |-23374 |  0 || 0.00000 | 0.89655 | 0.00000 
    809 |809 |-24243 |  0 || 1.00000 | 0.89655 | 0.00000 
    810 |810 |-24273 |  0 || 0.00000 | 0.93103 | 0.00000 
    839 |839 |-25142 |  0 || 1.00000 | 0.93103 | 0.00000 
    840 |840 |-25172 |  0 || 0.00000 | 0.96552 | 0.00000 
    869 |869 |-26041 |  0 || 1.00000 | 0.96552 | 0.00000 
    871 |871 |-26100 |  0 || 0.03448 | 1.00000 | 0.00000 
    872 |872 |-26130 |  0 || 0.06897 | 1.00000 | 0.00000 
    873 |873 |-26160 |  0 || 0.10345 | 1.00000 | 0.00000 
    874 |874 |-26190 |  0 || 0.13793 | 1.00000 | 0.00000 
    875 |875 |-26220 |  0 || 0.17241 | 1.00000 | 0.00000 
    876 |876 |-26250 |  0 || 0.20690 | 1.00000 | 0.00000 
    877 |877 |-26280 |  0 || 0.24138 | 1.00000 | 0.00000 
    878 |878 |-26310 |  0 || 0.27586 | 1.00000 | 0.00000 
    879 |879 |-26340 |  0 || 0.31034 | 1.00000 | 0.00000 
    880 |880 |-26370 |  0 || 0.34483 | 1.00000 | 0.00000 
    881 |881 |-26400 |  0 || 0.37931 | 1.00000 | 0.00000 
    882 |882 |-26430 |  0 || 0.41379 | 1.00000 | 0.00000 
    883 |883 |-26460 |  0 || 0.44828 | 1.00000 | 0.00000 
    884 |884 |-26490 |  0 || 0.48276 | 1.00000 | 0.00000 
    885 |885 |-26520 |  0 || 0.51724 | 1.00000 | 0.00000 
    886 |886 |-26550 |  0 || 0.55172 | 1.00000 | 0.00000 
    887 |887 |-26580 |  0 || 0.58621 | 1.00000 | 0.00000 
    888 |888 |-26610 |  0 || 0.62069 | 1.00000 | 0.00000 
    889 |889 |-26640 |  0 || 0.65517 | 1.00000 | 0.00000 
    890 |890 |-26670 |  0 || 0.68966 | 1.00000 | 0.00000 
    891 |891 |-26700 |  0 || 0.72414 | 1.00000 | 0.00000 
    892 |892 |-26730 |  0 || 0.75862 | 1.00000 | 0.00000 
    893 |893 |-26760 |  0 || 0.79310 | 1.00000 | 0.00000 
    894 |894 |-26790 |  0 || 0.82759 | 1.00000 | 0.00000 
    895 |895 |-26820 |  0 || 0.86207 | 1.00000 | 0.00000 
    896 |896 |-26850 |  0 || 0.89655 | 1.00000 | 0.00000 
    897 |897 |-26880 |  0 || 0.93103 | 1.00000 | 0.00000 
    898 |898 |-26910 |  0 || 0.96552 | 1.00000 | 0.00000 
    900 |900 |-26970 |  1 || 0.00000 | 0.00000 | 0.03448 
    929 |929 |-27839 |  1 || 1.00000 | 0.00000 | 0.03448 
   1770 |1770 |-53041 |  1 || 0.00000 | 1.00000 | 0.03448 
   1799 |1799 |-53910 |  1 || 1.00000 | 1.00000 | 0.03448 
   1800 |1800 |-53940 |  2 || 0.00000 | 0.00000 | 0.06897 
   1829 |1829 |-54809 |  2 || 1.00000 | 0.00000 | 0.06897 
   2670 |2670 |-80011 |  2 || 0.00000 | 1.00000 | 0.06897 
   2699 |2699 |-80880 |  2 || 1.00000 | 1.00000 | 0.06897 
   2700 |2700 |-80910 |  3 || 0.00000 | 0.00000 | 0.10345 
   2729 |2729 |-81779 |  3 || 1.00000 | 0.00000 | 0.10345 
   3570 |3570 |-106981 |  3 || 0.00000 | 1.00000 | 0.10345 
   3599 |3599 |-107850 |  3 || 1.00000 | 1.00000 | 0.10345 
   3600 |3600 |-107880 |  4 || 0.00000 | 0.00000 | 0.13793 
   3629 |3629 |-108749 |  4 || 1.00000 | 0.00000 | 0.13793 
   4470 |4470 |-133951 |  4 || 0.00000 | 1.00000 | 0.13793 
   4499 |4499 |-134820 |  4 || 1.00000 | 1.00000 | 0.13793 
   4500 |4500 |-134850 |  5 || 0.00000 | 0.00000 | 0.17241 
   4529 |4529 |-135719 |  5 || 1.00000 | 0.00000 | 0.17241 
   5370 |5370 |-160921 |  5 || 0.00000 | 1.00000 | 0.17241 
   5399 |5399 |-161790 |  5 || 1.00000 | 1.00000 | 0.17241 
Printing from thread 1
   ID   |  i |  j |  k ||    x    |    y    |    z
   5400 |5400 |-161820 |  6 || 0.00000 | 0.00000 | 0.20690 
   5429 |5429 |-162689 |  6 || 1.00000 | 0.00000 | 0.20690 
   6270 |6270 |-187891 |  6 || 0.00000 | 1.00000 | 0.20690 
   6299 |6299 |-188760 |  6 || 1.00000 | 1.00000 | 0.20690 
   6300 |6300 |-188790 |  7 || 0.00000 | 0.00000 | 0.24138 
   6329 |6329 |-189659 |  7 || 1.00000 | 0.00000 | 0.24138 
   7170 |7170 |-214861 |  7 || 0.00000 | 1.00000 | 0.24138 
   7199 |7199 |-215730 |  7 || 1.00000 | 1.00000 | 0.24138 
   7200 |7200 |-215760 |  8 || 0.00000 | 0.00000 | 0.27586 
   7229 |7229 |-216629 |  8 || 1.00000 | 0.00000 | 0.27586 
   8070 |8070 |-241831 |  8 || 0.00000 | 1.00000 | 0.27586 
   8099 |8099 |-242700 |  8 || 1.00000 | 1.00000 | 0.27586 
   8100 |8100 |-242730 |  9 || 0.00000 | 0.00000 | 0.31034 
   8129 |8129 |-243599 |  9 || 1.00000 | 0.00000 | 0.31034 
   8970 |8970 |-268801 |  9 || 0.00000 | 1.00000 | 0.31034 
   8999 |8999 |-269670 |  9 || 1.00000 | 1.00000 | 0.31034 
   9000 |9000 |-269700 | 10 || 0.00000 | 0.00000 | 0.34483 
   9029 |9029 |-270569 | 10 || 1.00000 | 0.00000 | 0.34483 
   9870 |9870 |-295771 | 10 || 0.00000 | 1.00000 | 0.34483 
   9899 |9899 |-296640 | 10 || 1.00000 | 1.00000 | 0.34483 
   9900 |9900 |-296670 | 11 || 0.00000 | 0.00000 | 0.37931 
   9929 |9929 |-297539 | 11 || 1.00000 | 0.00000 | 0.37931 
  10770 |10770 |-322741 | 11 || 0.00000 | 1.00000 | 0.37931 
  10799 |10799 |-323610 | 11 || 1.00000 | 1.00000 | 0.37931 
Printing from thread 2
   ID   |  i |  j |  k ||    x    |    y    |    z
  10800 |10800 |-323640 | 12 || 0.00000 | 0.00000 | 0.41379 
  10829 |10829 |-324509 | 12 || 1.00000 | 0.00000 | 0.41379 
  11670 |11670 |-349711 | 12 || 0.00000 | 1.00000 | 0.41379 
  11699 |11699 |-350580 | 12 || 1.00000 | 1.00000 | 0.41379 
  11700 |11700 |-350610 | 13 || 0.00000 | 0.00000 | 0.44828 
  11729 |11729 |-351479 | 13 || 1.00000 | 0.00000 | 0.44828 
  12570 |12570 |-376681 | 13 || 0.00000 | 1.00000 | 0.44828 
  12599 |12599 |-377550 | 13 || 1.00000 | 1.00000 | 0.44828 
  12600 |12600 |-377580 | 14 || 0.00000 | 0.00000 | 0.48276 
  12629 |12629 |-378449 | 14 || 1.00000 | 0.00000 | 0.48276 
  13470 |13470 |-403651 | 14 || 0.00000 | 1.00000 | 0.48276 
  13499 |13499 |-404520 | 14 || 1.00000 | 1.00000 | 0.48276 
  13500 |13500 |-404550 | 15 || 0.00000 | 0.00000 | 0.51724 
  13529 |13529 |-405419 | 15 || 1.00000 | 0.00000 | 0.51724 
  14370 |14370 |-430621 | 15 || 0.00000 | 1.00000 | 0.51724 
  14399 |14399 |-431490 | 15 || 1.00000 | 1.00000 | 0.51724 
  14400 |14400 |-431520 | 16 || 0.00000 | 0.00000 | 0.55172 
  14429 |14429 |-432389 | 16 || 1.00000 | 0.00000 | 0.55172 
  15270 |15270 |-457591 | 16 || 0.00000 | 1.00000 | 0.55172 
  15299 |15299 |-458460 | 16 || 1.00000 | 1.00000 | 0.55172 
  15300 |15300 |-458490 | 17 || 0.00000 | 0.00000 | 0.58621 
  15329 |15329 |-459359 | 17 || 1.00000 | 0.00000 | 0.58621 
  16170 |16170 |-484561 | 17 || 0.00000 | 1.00000 | 0.58621 
  16199 |16199 |-485430 | 17 || 1.00000 | 1.00000 | 0.58621 
Printing from thread 3
   ID   |  i |  j |  k ||    x    |    y    |    z
  16200 |16200 |-485460 | 18 || 0.00000 | 0.00000 | 0.62069 
  16229 |16229 |-486329 | 18 || 1.00000 | 0.00000 | 0.62069 
  17070 |17070 |-511531 | 18 || 0.00000 | 1.00000 | 0.62069 
  17099 |17099 |-512400 | 18 || 1.00000 | 1.00000 | 0.62069 
  17100 |17100 |-512430 | 19 || 0.00000 | 0.00000 | 0.65517 
  17129 |17129 |-513299 | 19 || 1.00000 | 0.00000 | 0.65517 
  17970 |17970 |-538501 | 19 || 0.00000 | 1.00000 | 0.65517 
  17999 |17999 |-539370 | 19 || 1.00000 | 1.00000 | 0.65517 
  18000 |18000 |-539400 | 20 || 0.00000 | 0.00000 | 0.68966 
  18029 |18029 |-540269 | 20 || 1.00000 | 0.00000 | 0.68966 
  18870 |18870 |-565471 | 20 || 0.00000 | 1.00000 | 0.68966 
  18899 |18899 |-566340 | 20 || 1.00000 | 1.00000 | 0.68966 
  18900 |18900 |-566370 | 21 || 0.00000 | 0.00000 | 0.72414 
  18929 |18929 |-567239 | 21 || 1.00000 | 0.00000 | 0.72414 
  19770 |19770 |-592441 | 21 || 0.00000 | 1.00000 | 0.72414 
  19799 |19799 |-593310 | 21 || 1.00000 | 1.00000 | 0.72414 
  19800 |19800 |-593340 | 22 || 0.00000 | 0.00000 | 0.75862 
  19829 |19829 |-594209 | 22 || 1.00000 | 0.00000 | 0.75862 
  20670 |20670 |-619411 | 22 || 0.00000 | 1.00000 | 0.75862 
  20699 |20699 |-620280 | 22 || 1.00000 | 1.00000 | 0.75862 
  20700 |20700 |-620310 | 23 || 0.00000 | 0.00000 | 0.79310 
  20729 |20729 |-621179 | 23 || 1.00000 | 0.00000 | 0.79310 
  21570 |21570 |-646381 | 23 || 0.00000 | 1.00000 | 0.79310 
  21599 |21599 |-647250 | 23 || 1.00000 | 1.00000 | 0.79310 
Printing from thread 4
   ID   |  i |  j |  k ||    x    |    y    |    z
  21600 |21600 |-647280 | 24 || 0.00000 | 0.00000 | 0.82759 
  21629 |21629 |-648149 | 24 || 1.00000 | 0.00000 | 0.82759 
  22470 |22470 |-673351 | 24 || 0.00000 | 1.00000 | 0.82759 
  22499 |22499 |-674220 | 24 || 1.00000 | 1.00000 | 0.82759 
  22500 |22500 |-674250 | 25 || 0.00000 | 0.00000 | 0.86207 
  22529 |22529 |-675119 | 25 || 1.00000 | 0.00000 | 0.86207 
  23370 |23370 |-700321 | 25 || 0.00000 | 1.00000 | 0.86207 
  23399 |23399 |-701190 | 25 || 1.00000 | 1.00000 | 0.86207 
  23400 |23400 |-701220 | 26 || 0.00000 | 0.00000 | 0.89655 
  23429 |23429 |-702089 | 26 || 1.00000 | 0.00000 | 0.89655 
  24270 |24270 |-727291 | 26 || 0.00000 | 1.00000 | 0.89655 
  24299 |24299 |-728160 | 26 || 1.00000 | 1.00000 | 0.89655 
  24300 |24300 |-728190 | 27 || 0.00000 | 0.00000 | 0.93103 
  24329 |24329 |-729059 | 27 || 1.00000 | 0.00000 | 0.93103 
  25170 |25170 |-754261 | 27 || 0.00000 | 1.00000 | 0.93103 
  25199 |25199 |-755130 | 27 || 1.00000 | 1.00000 | 0.93103 
  25200 |25200 |-755160 | 28 || 0.00000 | 0.00000 | 0.96552 
  25229 |25229 |-756029 | 28 || 1.00000 | 0.00000 | 0.96552 
  26070 |26070 |-781231 | 28 || 0.00000 | 1.00000 | 0.96552 
  26099 |26099 |-782100 | 28 || 1.00000 | 1.00000 | 0.96552 
  26101 |26101 |-782159 | 29 || 0.03448 | 0.00000 | 1.00000 
  26102 |26102 |-782189 | 29 || 0.06897 | 0.00000 | 1.00000 
  26103 |26103 |-782219 | 29 || 0.10345 | 0.00000 | 1.00000 
  26104 |26104 |-782249 | 29 || 0.13793 | 0.00000 | 1.00000 
  26105 |26105 |-782279 | 29 || 0.17241 | 0.00000 | 1.00000 
  26106 |26106 |-782309 | 29 || 0.20690 | 0.00000 | 1.00000 
  26107 |26107 |-782339 | 29 || 0.24138 | 0.00000 | 1.00000 
  26108 |26108 |-782369 | 29 || 0.27586 | 0.00000 | 1.00000 
  26109 |26109 |-782399 | 29 || 0.31034 | 0.00000 | 1.00000 
  26110 |26110 |-782429 | 29 || 0.34483 | 0.00000 | 1.00000 
  26111 |26111 |-782459 | 29 || 0.37931 | 0.00000 | 1.00000 
  26112 |26112 |-782489 | 29 || 0.41379 | 0.00000 | 1.00000 
  26113 |26113 |-782519 | 29 || 0.44828 | 0.00000 | 1.00000 
  26114 |26114 |-782549 | 29 || 0.48276 | 0.00000 | 1.00000 
  26115 |26115 |-782579 | 29 || 0.51724 | 0.00000 | 1.00000 
  26116 |26116 |-782609 | 29 || 0.55172 | 0.00000 | 1.00000 
  26117 |26117 |-782639 | 29 || 0.58621 | 0.00000 | 1.00000 
  26118 |26118 |-782669 | 29 || 0.62069 | 0.00000 | 1.00000 
  26119 |26119 |-782699 | 29 || 0.65517 | 0.00000 | 1.00000 
  26120 |26120 |-782729 | 29 || 0.68966 | 0.00000 | 1.00000 
  26121 |26121 |-782759 | 29 || 0.72414 | 0.00000 | 1.00000 
  26122 |26122 |-782789 | 29 || 0.75862 | 0.00000 | 1.00000 
  26123 |26123 |-782819 | 29 || 0.79310 | 0.00000 | 1.00000 
  26124 |26124 |-782849 | 29 || 0.82759 | 0.00000 | 1.00000 
  26125 |26125 |-782879 | 29 || 0.86207 | 0.00000 | 1.00000 
  26126 |26126 |-782909 | 29 || 0.89655 | 0.00000 | 1.00000 
  26127 |26127 |-782939 | 29 || 0.93103 | 0.00000 | 1.00000 
  26128 |26128 |-782969 | 29 || 0.96552 | 0.00000 | 1.00000 
  26130 |26130 |-783029 | 29 || 0.00000 | 0.03448 | 1.00000 
  26159 |26159 |-783898 | 29 || 1.00000 | 0.03448 | 1.00000 
  26160 |26160 |-783928 | 29 || 0.00000 | 0.06897 | 1.00000 
  26189 |26189 |-784797 | 29 || 1.00000 | 0.06897 | 1.00000 
  26190 |26190 |-784827 | 29 || 0.00000 | 0.10345 | 1.00000 
  26219 |26219 |-785696 | 29 || 1.00000 | 0.10345 | 1.00000 
  26220 |26220 |-785726 | 29 || 0.00000 | 0.13793 | 1.00000 
  26249 |26249 |-786595 | 29 || 1.00000 | 0.13793 | 1.00000 
  26250 |26250 |-786625 | 29 || 0.00000 | 0.17241 | 1.00000 
  26279 |26279 |-787494 | 29 || 1.00000 | 0.17241 | 1.00000 
  26280 |26280 |-787524 | 29 || 0.00000 | 0.20690 | 1.00000 
  26309 |26309 |-788393 | 29 || 1.00000 | 0.20690 | 1.00000 
  26310 |26310 |-788423 | 29 || 0.00000 | 0.24138 | 1.00000 
  26339 |26339 |-789292 | 29 || 1.00000 | 0.24138 | 1.00000 
  26340 |26340 |-789322 | 29 || 0.00000 | 0.27586 | 1.00000 
  26369 |26369 |-790191 | 29 || 1.00000 | 0.27586 | 1.00000 
  26370 |26370 |-790221 | 29 || 0.00000 | 0.31034 | 1.00000 
  26399 |26399 |-791090 | 29 || 1.00000 | 0.31034 | 1.00000 
  26400 |26400 |-791120 | 29 || 0.00000 | 0.34483 | 1.00000 
  26429 |26429 |-791989 | 29 || 1.00000 | 0.34483 | 1.00000 
  26430 |26430 |-792019 | 29 || 0.00000 | 0.37931 | 1.00000 
  26459 |26459 |-792888 | 29 || 1.00000 | 0.37931 | 1.00000 
  26460 |26460 |-792918 | 29 || 0.00000 | 0.41379 | 1.00000 
  26489 |26489 |-793787 | 29 || 1.00000 | 0.41379 | 1.00000 
  26490 |26490 |-793817 | 29 || 0.00000 | 0.44828 | 1.00000 
  26519 |26519 |-794686 | 29 || 1.00000 | 0.44828 | 1.00000 
  26520 |26520 |-794716 | 29 || 0.00000 | 0.48276 | 1.00000 
  26549 |26549 |-795585 | 29 || 1.00000 | 0.48276 | 1.00000 
  26550 |26550 |-795615 | 29 || 0.00000 | 0.51724 | 1.00000 
  26579 |26579 |-796484 | 29 || 1.00000 | 0.51724 | 1.00000 
  26580 |26580 |-796514 | 29 || 0.00000 | 0.55172 | 1.00000 
  26609 |26609 |-797383 | 29 || 1.00000 | 0.55172 | 1.00000 
  26610 |26610 |-797413 | 29 || 0.00000 | 0.58621 | 1.00000 
  26639 |26639 |-798282 | 29 || 1.00000 | 0.58621 | 1.00000 
  26640 |26640 |-798312 | 29 || 0.00000 | 0.62069 | 1.00000 
  26669 |26669 |-799181 | 29 || 1.00000 | 0.62069 | 1.00000 
  26670 |26670 |-799211 | 29 || 0.00000 | 0.65517 | 1.00000 
  26699 |26699 |-800080 | 29 || 1.00000 | 0.65517 | 1.00000 
  26700 |26700 |-800110 | 29 || 0.00000 | 0.68966 | 1.00000 
  26729 |26729 |-800979 | 29 || 1.00000 | 0.68966 | 1.00000 
  26730 |26730 |-801009 | 29 || 0.00000 | 0.72414 | 1.00000 
  26759 |26759 |-801878 | 29 || 1.00000 | 0.72414 | 1.00000 
  26760 |26760 |-801908 | 29 || 0.00000 | 0.75862 | 1.00000 
  26789 |26789 |-802777 | 29 || 1.00000 | 0.75862 | 1.00000 
  26790 |26790 |-802807 | 29 || 0.00000 | 0.79310 | 1.00000 
  26819 |26819 |-803676 | 29 || 1.00000 | 0.79310 | 1.00000 
  26820 |26820 |-803706 | 29 || 0.00000 | 0.82759 | 1.00000 
  26849 |26849 |-804575 | 29 || 1.00000 | 0.82759 | 1.00000 
  26850 |26850 |-804605 | 29 || 0.00000 | 0.86207 | 1.00000 
  26879 |26879 |-805474 | 29 || 1.00000 | 0.86207 | 1.00000 
  26880 |26880 |-805504 | 29 || 0.00000 | 0.89655 | 1.00000 
  26909 |26909 |-806373 | 29 || 1.00000 | 0.89655 | 1.00000 
  26910 |26910 |-806403 | 29 || 0.00000 | 0.93103 | 1.00000 
  26939 |26939 |-807272 | 29 || 1.00000 | 0.93103 | 1.00000 
  26940 |26940 |-807302 | 29 || 0.00000 | 0.96552 | 1.00000 
  26969 |26969 |-808171 | 29 || 1.00000 | 0.96552 | 1.00000 
  26971 |26971 |-808230 | 29 || 0.03448 | 1.00000 | 1.00000 
  26972 |26972 |-808260 | 29 || 0.06897 | 1.00000 | 1.00000 
  26973 |26973 |-808290 | 29 || 0.10345 | 1.00000 | 1.00000 
  26974 |26974 |-808320 | 29 || 0.13793 | 1.00000 | 1.00000 
  26975 |26975 |-808350 | 29 || 0.17241 | 1.00000 | 1.00000 
  26976 |26976 |-808380 | 29 || 0.20690 | 1.00000 | 1.00000 
  26977 |26977 |-808410 | 29 || 0.24138 | 1.00000 | 1.00000 
  26978 |26978 |-808440 | 29 || 0.27586 | 1.00000 | 1.00000 
  26979 |26979 |-808470 | 29 || 0.31034 | 1.00000 | 1.00000 
  26980 |26980 |-808500 | 29 || 0.34483 | 1.00000 | 1.00000 
  26981 |26981 |-808530 | 29 || 0.37931 | 1.00000 | 1.00000 
  26982 |26982 |-808560 | 29 || 0.41379 | 1.00000 | 1.00000 
  26983 |26983 |-808590 | 29 || 0.44828 | 1.00000 | 1.00000 
  26984 |26984 |-808620 | 29 || 0.48276 | 1.00000 | 1.00000 
  26985 |26985 |-808650 | 29 || 0.51724 | 1.00000 | 1.00000 
  26986 |26986 |-808680 | 29 || 0.55172 | 1.00000 | 1.00000 
  26987 |26987 |-808710 | 29 || 0.58621 | 1.00000 | 1.00000 
  26988 |26988 |-808740 | 29 || 0.62069 | 1.00000 | 1.00000 
  26989 |26989 |-808770 | 29 || 0.65517 | 1.00000 | 1.00000 
  26990 |26990 |-808800 | 29 || 0.68966 | 1.00000 | 1.00000 
  26991 |26991 |-808830 | 29 || 0.72414 | 1.00000 | 1.00000 
  26992 |26992 |-808860 | 29 || 0.75862 | 1.00000 | 1.00000 
  26993 |26993 |-808890 | 29 || 0.79310 | 1.00000 | 1.00000 
  26994 |26994 |-808920 | 29 || 0.82759 | 1.00000 | 1.00000 
  26995 |26995 |-808950 | 29 || 0.86207 | 1.00000 | 1.00000 
  26996 |26996 |-808980 | 29 || 0.89655 | 1.00000 | 1.00000 
  26997 |26997 |-809010 | 29 || 0.93103 | 1.00000 | 1.00000 
  26998 |26998 |-809040 | 29 || 0.96552 | 1.00000 | 1.00000 
