Printing from thread 0
   ID   |  i |  j |  k ||    x    |    y    |    z
Printing from thread 1
   ID   |  i |  j |  k ||    x    |    y    |    z
Printing from thread 2
   ID   |  i |  j |  k ||    x    |    y    |    z
Printing from thread 3
   ID   |  i |  j |  k ||    x    |    y    |    z
Printing from thread 4
   ID   |  i |  j |  k ||    x    |    y    |    z
  26131 |26131 |-783058 | 29 || 0.03448 | 0.03448 | 1.00000 
  26132 |26132 |-783088 | 29 || 0.06897 | 0.03448 | 1.00000 
  26133 |26133 |-783118 | 29 || 0.10345 | 0.03448 | 1.00000 
  26134 |26134 |-783148 | 29 || 0.13793 | 0.03448 | 1.00000 
  26135 |26135 |-783178 | 29 || 0.17241 | 0.03448 | 1.00000 
  26136 |26136 |-783208 | 29 || 0.20690 | 0.03448 | 1.00000 
  26137 |26137 |-783238 | 29 || 0.24138 | 0.03448 | 1.00000 
  26138 |26138 |-783268 | 29 || 0.27586 | 0.03448 | 1.00000 
  26139 |26139 |-783298 | 29 || 0.31034 | 0.03448 | 1.00000 
  26140 |26140 |-783328 | 29 || 0.34483 | 0.03448 | 1.00000 
  26141 |26141 |-783358 | 29 || 0.37931 | 0.03448 | 1.00000 
  26142 |26142 |-783388 | 29 || 0.41379 | 0.03448 | 1.00000 
  26143 |26143 |-783418 | 29 || 0.44828 | 0.03448 | 1.00000 
  26144 |26144 |-783448 | 29 || 0.48276 | 0.03448 | 1.00000 
  26145 |26145 |-783478 | 29 || 0.51724 | 0.03448 | 1.00000 
  26146 |26146 |-783508 | 29 || 0.55172 | 0.03448 | 1.00000 
  26147 |26147 |-783538 | 29 || 0.58621 | 0.03448 | 1.00000 
  26148 |26148 |-783568 | 29 || 0.62069 | 0.03448 | 1.00000 
  26149 |26149 |-783598 | 29 || 0.65517 | 0.03448 | 1.00000 
  26150 |26150 |-783628 | 29 || 0.68966 | 0.03448 | 1.00000 
  26151 |26151 |-783658 | 29 || 0.72414 | 0.03448 | 1.00000 
  26152 |26152 |-783688 | 29 || 0.75862 | 0.03448 | 1.00000 
  26153 |26153 |-783718 | 29 || 0.79310 | 0.03448 | 1.00000 
  26154 |26154 |-783748 | 29 || 0.82759 | 0.03448 | 1.00000 
  26155 |26155 |-783778 | 29 || 0.86207 | 0.03448 | 1.00000 
  26156 |26156 |-783808 | 29 || 0.89655 | 0.03448 | 1.00000 
  26157 |26157 |-783838 | 29 || 0.93103 | 0.03448 | 1.00000 
  26158 |26158 |-783868 | 29 || 0.96552 | 0.03448 | 1.00000 
  26161 |26161 |-783957 | 29 || 0.03448 | 0.06897 | 1.00000 
  26162 |26162 |-783987 | 29 || 0.06897 | 0.06897 | 1.00000 
  26163 |26163 |-784017 | 29 || 0.10345 | 0.06897 | 1.00000 
  26164 |26164 |-784047 | 29 || 0.13793 | 0.06897 | 1.00000 
  26165 |26165 |-784077 | 29 || 0.17241 | 0.06897 | 1.00000 
  26166 |26166 |-784107 | 29 || 0.20690 | 0.06897 | 1.00000 
  26167 |26167 |-784137 | 29 || 0.24138 | 0.06897 | 1.00000 
  26168 |26168 |-784167 | 29 || 0.27586 | 0.06897 | 1.00000 
  26169 |26169 |-784197 | 29 || 0.31034 | 0.06897 | 1.00000 
  26170 |26170 |-784227 | 29 || 0.34483 | 0.06897 | 1.00000 
  26171 |26171 |-784257 | 29 || 0.37931 | 0.06897 | 1.00000 
  26172 |26172 |-784287 | 29 || 0.41379 | 0.06897 | 1.00000 
  26173 |26173 |-784317 | 29 || 0.44828 | 0.06897 | 1.00000 
  26174 |26174 |-784347 | 29 || 0.48276 | 0.06897 | 1.00000 
  26175 |26175 |-784377 | 29 || 0.51724 | 0.06897 | 1.00000 
  26176 |26176 |-784407 | 29 || 0.55172 | 0.06897 | 1.00000 
  26177 |26177 |-784437 | 29 || 0.58621 | 0.06897 | 1.00000 
  26178 |26178 |-784467 | 29 || 0.62069 | 0.06897 | 1.00000 
  26179 |26179 |-784497 | 29 || 0.65517 | 0.06897 | 1.00000 
  26180 |26180 |-784527 | 29 || 0.68966 | 0.06897 | 1.00000 
  26181 |26181 |-784557 | 29 || 0.72414 | 0.06897 | 1.00000 
  26182 |26182 |-784587 | 29 || 0.75862 | 0.06897 | 1.00000 
  26183 |26183 |-784617 | 29 || 0.79310 | 0.06897 | 1.00000 
  26184 |26184 |-784647 | 29 || 0.82759 | 0.06897 | 1.00000 
  26185 |26185 |-784677 | 29 || 0.86207 | 0.06897 | 1.00000 
  26186 |26186 |-784707 | 29 || 0.89655 | 0.06897 | 1.00000 
  26187 |26187 |-784737 | 29 || 0.93103 | 0.06897 | 1.00000 
  26188 |26188 |-784767 | 29 || 0.96552 | 0.06897 | 1.00000 
  26191 |26191 |-784856 | 29 || 0.03448 | 0.10345 | 1.00000 
  26192 |26192 |-784886 | 29 || 0.06897 | 0.10345 | 1.00000 
  26193 |26193 |-784916 | 29 || 0.10345 | 0.10345 | 1.00000 
  26194 |26194 |-784946 | 29 || 0.13793 | 0.10345 | 1.00000 
  26195 |26195 |-784976 | 29 || 0.17241 | 0.10345 | 1.00000 
  26196 |26196 |-785006 | 29 || 0.20690 | 0.10345 | 1.00000 
  26197 |26197 |-785036 | 29 || 0.24138 | 0.10345 | 1.00000 
  26198 |26198 |-785066 | 29 || 0.27586 | 0.10345 | 1.00000 
  26199 |26199 |-785096 | 29 || 0.31034 | 0.10345 | 1.00000 
  26200 |26200 |-785126 | 29 || 0.34483 | 0.10345 | 1.00000 
  26201 |26201 |-785156 | 29 || 0.37931 | 0.10345 | 1.00000 
  26202 |26202 |-785186 | 29 || 0.41379 | 0.10345 | 1.00000 
  26203 |26203 |-785216 | 29 || 0.44828 | 0.10345 | 1.00000 
  26204 |26204 |-785246 | 29 || 0.48276 | 0.10345 | 1.00000 
  26205 |26205 |-785276 | 29 || 0.51724 | 0.10345 | 1.00000 
  26206 |26206 |-785306 | 29 || 0.55172 | 0.10345 | 1.00000 
  26207 |26207 |-785336 | 29 || 0.58621 | 0.10345 | 1.00000 
  26208 |26208 |-785366 | 29 || 0.62069 | 0.10345 | 1.00000 
  26209 |26209 |-785396 | 29 || 0.65517 | 0.10345 | 1.00000 
  26210 |26210 |-785426 | 29 || 0.68966 | 0.10345 | 1.00000 
  26211 |26211 |-785456 | 29 || 0.72414 | 0.10345 | 1.00000 
  26212 |26212 |-785486 | 29 || 0.75862 | 0.10345 | 1.00000 
  26213 |26213 |-785516 | 29 || 0.79310 | 0.10345 | 1.00000 
  26214 |26214 |-785546 | 29 || 0.82759 | 0.10345 | 1.00000 
  26215 |26215 |-785576 | 29 || 0.86207 | 0.10345 | 1.00000 
  26216 |26216 |-785606 | 29 || 0.89655 | 0.10345 | 1.00000 
  26217 |26217 |-785636 | 29 || 0.93103 | 0.10345 | 1.00000 
  26218 |26218 |-785666 | 29 || 0.96552 | 0.10345 | 1.00000 
  26221 |26221 |-785755 | 29 || 0.03448 | 0.13793 | 1.00000 
  26222 |26222 |-785785 | 29 || 0.06897 | 0.13793 | 1.00000 
  26223 |26223 |-785815 | 29 || 0.10345 | 0.13793 | 1.00000 
  26224 |26224 |-785845 | 29 || 0.13793 | 0.13793 | 1.00000 
  26225 |26225 |-785875 | 29 || 0.17241 | 0.13793 | 1.00000 
  26226 |26226 |-785905 | 29 || 0.20690 | 0.13793 | 1.00000 
  26227 |26227 |-785935 | 29 || 0.24138 | 0.13793 | 1.00000 
  26228 |26228 |-785965 | 29 || 0.27586 | 0.13793 | 1.00000 
  26229 |26229 |-785995 | 29 || 0.31034 | 0.13793 | 1.00000 
  26230 |26230 |-786025 | 29 || 0.34483 | 0.13793 | 1.00000 
  26231 |26231 |-786055 | 29 || 0.37931 | 0.13793 | 1.00000 
  26232 |26232 |-786085 | 29 || 0.41379 | 0.13793 | 1.00000 
  26233 |26233 |-786115 | 29 || 0.44828 | 0.13793 | 1.00000 
  26234 |26234 |-786145 | 29 || 0.48276 | 0.13793 | 1.00000 
  26235 |26235 |-786175 | 29 || 0.51724 | 0.13793 | 1.00000 
  26236 |26236 |-786205 | 29 || 0.55172 | 0.13793 | 1.00000 
  26237 |26237 |-786235 | 29 || 0.58621 | 0.13793 | 1.00000 
  26238 |26238 |-786265 | 29 || 0.62069 | 0.13793 | 1.00000 
  26239 |26239 |-786295 | 29 || 0.65517 | 0.13793 | 1.00000 
  26240 |26240 |-786325 | 29 || 0.68966 | 0.13793 | 1.00000 
  26241 |26241 |-786355 | 29 || 0.72414 | 0.13793 | 1.00000 
  26242 |26242 |-786385 | 29 || 0.75862 | 0.13793 | 1.00000 
  26243 |26243 |-786415 | 29 || 0.79310 | 0.13793 | 1.00000 
  26244 |26244 |-786445 | 29 || 0.82759 | 0.13793 | 1.00000 
  26245 |26245 |-786475 | 29 || 0.86207 | 0.13793 | 1.00000 
  26246 |26246 |-786505 | 29 || 0.89655 | 0.13793 | 1.00000 
  26247 |26247 |-786535 | 29 || 0.93103 | 0.13793 | 1.00000 
  26248 |26248 |-786565 | 29 || 0.96552 | 0.13793 | 1.00000 
  26251 |26251 |-786654 | 29 || 0.03448 | 0.17241 | 1.00000 
  26252 |26252 |-786684 | 29 || 0.06897 | 0.17241 | 1.00000 
  26253 |26253 |-786714 | 29 || 0.10345 | 0.17241 | 1.00000 
  26254 |26254 |-786744 | 29 || 0.13793 | 0.17241 | 1.00000 
  26255 |26255 |-786774 | 29 || 0.17241 | 0.17241 | 1.00000 
  26256 |26256 |-786804 | 29 || 0.20690 | 0.17241 | 1.00000 
  26257 |26257 |-786834 | 29 || 0.24138 | 0.17241 | 1.00000 
  26258 |26258 |-786864 | 29 || 0.27586 | 0.17241 | 1.00000 
  26259 |26259 |-786894 | 29 || 0.31034 | 0.17241 | 1.00000 
  26260 |26260 |-786924 | 29 || 0.34483 | 0.17241 | 1.00000 
  26261 |26261 |-786954 | 29 || 0.37931 | 0.17241 | 1.00000 
  26262 |26262 |-786984 | 29 || 0.41379 | 0.17241 | 1.00000 
  26263 |26263 |-787014 | 29 || 0.44828 | 0.17241 | 1.00000 
  26264 |26264 |-787044 | 29 || 0.48276 | 0.17241 | 1.00000 
  26265 |26265 |-787074 | 29 || 0.51724 | 0.17241 | 1.00000 
  26266 |26266 |-787104 | 29 || 0.55172 | 0.17241 | 1.00000 
  26267 |26267 |-787134 | 29 || 0.58621 | 0.17241 | 1.00000 
  26268 |26268 |-787164 | 29 || 0.62069 | 0.17241 | 1.00000 
  26269 |26269 |-787194 | 29 || 0.65517 | 0.17241 | 1.00000 
  26270 |26270 |-787224 | 29 || 0.68966 | 0.17241 | 1.00000 
  26271 |26271 |-787254 | 29 || 0.72414 | 0.17241 | 1.00000 
  26272 |26272 |-787284 | 29 || 0.75862 | 0.17241 | 1.00000 
  26273 |26273 |-787314 | 29 || 0.79310 | 0.17241 | 1.00000 
  26274 |26274 |-787344 | 29 || 0.82759 | 0.17241 | 1.00000 
  26275 |26275 |-787374 | 29 || 0.86207 | 0.17241 | 1.00000 
  26276 |26276 |-787404 | 29 || 0.89655 | 0.17241 | 1.00000 
  26277 |26277 |-787434 | 29 || 0.93103 | 0.17241 | 1.00000 
  26278 |26278 |-787464 | 29 || 0.96552 | 0.17241 | 1.00000 
  26281 |26281 |-787553 | 29 || 0.03448 | 0.20690 | 1.00000 
  26282 |26282 |-787583 | 29 || 0.06897 | 0.20690 | 1.00000 
  26283 |26283 |-787613 | 29 || 0.10345 | 0.20690 | 1.00000 
  26284 |26284 |-787643 | 29 || 0.13793 | 0.20690 | 1.00000 
  26285 |26285 |-787673 | 29 || 0.17241 | 0.20690 | 1.00000 
  26286 |26286 |-787703 | 29 || 0.20690 | 0.20690 | 1.00000 
  26287 |26287 |-787733 | 29 || 0.24138 | 0.20690 | 1.00000 
  26288 |26288 |-787763 | 29 || 0.27586 | 0.20690 | 1.00000 
  26289 |26289 |-787793 | 29 || 0.31034 | 0.20690 | 1.00000 
  26290 |26290 |-787823 | 29 || 0.34483 | 0.20690 | 1.00000 
  26291 |26291 |-787853 | 29 || 0.37931 | 0.20690 | 1.00000 
  26292 |26292 |-787883 | 29 || 0.41379 | 0.20690 | 1.00000 
  26293 |26293 |-787913 | 29 || 0.44828 | 0.20690 | 1.00000 
  26294 |26294 |-787943 | 29 || 0.48276 | 0.20690 | 1.00000 
  26295 |26295 |-787973 | 29 || 0.51724 | 0.20690 | 1.00000 
  26296 |26296 |-788003 | 29 || 0.55172 | 0.20690 | 1.00000 
  26297 |26297 |-788033 | 29 || 0.58621 | 0.20690 | 1.00000 
  26298 |26298 |-788063 | 29 || 0.62069 | 0.20690 | 1.00000 
  26299 |26299 |-788093 | 29 || 0.65517 | 0.20690 | 1.00000 
  26300 |26300 |-788123 | 29 || 0.68966 | 0.20690 | 1.00000 
  26301 |26301 |-788153 | 29 || 0.72414 | 0.20690 | 1.00000 
  26302 |26302 |-788183 | 29 || 0.75862 | 0.20690 | 1.00000 
  26303 |26303 |-788213 | 29 || 0.79310 | 0.20690 | 1.00000 
  26304 |26304 |-788243 | 29 || 0.82759 | 0.20690 | 1.00000 
  26305 |26305 |-788273 | 29 || 0.86207 | 0.20690 | 1.00000 
  26306 |26306 |-788303 | 29 || 0.89655 | 0.20690 | 1.00000 
  26307 |26307 |-788333 | 29 || 0.93103 | 0.20690 | 1.00000 
  26308 |26308 |-788363 | 29 || 0.96552 | 0.20690 | 1.00000 
  26311 |26311 |-788452 | 29 || 0.03448 | 0.24138 | 1.00000 
  26312 |26312 |-788482 | 29 || 0.06897 | 0.24138 | 1.00000 
  26313 |26313 |-788512 | 29 || 0.10345 | 0.24138 | 1.00000 
  26314 |26314 |-788542 | 29 || 0.13793 | 0.24138 | 1.00000 
  26315 |26315 |-788572 | 29 || 0.17241 | 0.24138 | 1.00000 
  26316 |26316 |-788602 | 29 || 0.20690 | 0.24138 | 1.00000 
  26317 |26317 |-788632 | 29 || 0.24138 | 0.24138 | 1.00000 
  26318 |26318 |-788662 | 29 || 0.27586 | 0.24138 | 1.00000 
  26319 |26319 |-788692 | 29 || 0.31034 | 0.24138 | 1.00000 
  26320 |26320 |-788722 | 29 || 0.34483 | 0.24138 | 1.00000 
  26321 |26321 |-788752 | 29 || 0.37931 | 0.24138 | 1.00000 
  26322 |26322 |-788782 | 29 || 0.41379 | 0.24138 | 1.00000 
  26323 |26323 |-788812 | 29 || 0.44828 | 0.24138 | 1.00000 
  26324 |26324 |-788842 | 29 || 0.48276 | 0.24138 | 1.00000 
  26325 |26325 |-788872 | 29 || 0.51724 | 0.24138 | 1.00000 
  26326 |26326 |-788902 | 29 || 0.55172 | 0.24138 | 1.00000 
  26327 |26327 |-788932 | 29 || 0.58621 | 0.24138 | 1.00000 
  26328 |26328 |-788962 | 29 || 0.62069 | 0.24138 | 1.00000 
  26329 |26329 |-788992 | 29 || 0.65517 | 0.24138 | 1.00000 
  26330 |26330 |-789022 | 29 || 0.68966 | 0.24138 | 1.00000 
  26331 |26331 |-789052 | 29 || 0.72414 | 0.24138 | 1.00000 
  26332 |26332 |-789082 | 29 || 0.75862 | 0.24138 | 1.00000 
  26333 |26333 |-789112 | 29 || 0.79310 | 0.24138 | 1.00000 
  26334 |26334 |-789142 | 29 || 0.82759 | 0.24138 | 1.00000 
  26335 |26335 |-789172 | 29 || 0.86207 | 0.24138 | 1.00000 
  26336 |26336 |-789202 | 29 || 0.89655 | 0.24138 | 1.00000 
  26337 |26337 |-789232 | 29 || 0.93103 | 0.24138 | 1.00000 
  26338 |26338 |-789262 | 29 || 0.96552 | 0.24138 | 1.00000 
  26341 |26341 |-789351 | 29 || 0.03448 | 0.27586 | 1.00000 
  26342 |26342 |-789381 | 29 || 0.06897 | 0.27586 | 1.00000 
  26343 |26343 |-789411 | 29 || 0.10345 | 0.27586 | 1.00000 
  26344 |26344 |-789441 | 29 || 0.13793 | 0.27586 | 1.00000 
  26345 |26345 |-789471 | 29 || 0.17241 | 0.27586 | 1.00000 
  26346 |26346 |-789501 | 29 || 0.20690 | 0.27586 | 1.00000 
  26347 |26347 |-789531 | 29 || 0.24138 | 0.27586 | 1.00000 
  26348 |26348 |-789561 | 29 || 0.27586 | 0.27586 | 1.00000 
  26349 |26349 |-789591 | 29 || 0.31034 | 0.27586 | 1.00000 
  26350 |26350 |-789621 | 29 || 0.34483 | 0.27586 | 1.00000 
  26351 |26351 |-789651 | 29 || 0.37931 | 0.27586 | 1.00000 
  26352 |26352 |-789681 | 29 || 0.41379 | 0.27586 | 1.00000 
  26353 |26353 |-789711 | 29 || 0.44828 | 0.27586 | 1.00000 
  26354 |26354 |-789741 | 29 || 0.48276 | 0.27586 | 1.00000 
  26355 |26355 |-789771 | 29 || 0.51724 | 0.27586 | 1.00000 
  26356 |26356 |-789801 | 29 || 0.55172 | 0.27586 | 1.00000 
  26357 |26357 |-789831 | 29 || 0.58621 | 0.27586 | 1.00000 
  26358 |26358 |-789861 | 29 || 0.62069 | 0.27586 | 1.00000 
  26359 |26359 |-789891 | 29 || 0.65517 | 0.27586 | 1.00000 
  26360 |26360 |-789921 | 29 || 0.68966 | 0.27586 | 1.00000 
  26361 |26361 |-789951 | 29 || 0.72414 | 0.27586 | 1.00000 
  26362 |26362 |-789981 | 29 || 0.75862 | 0.27586 | 1.00000 
  26363 |26363 |-790011 | 29 || 0.79310 | 0.27586 | 1.00000 
  26364 |26364 |-790041 | 29 || 0.82759 | 0.27586 | 1.00000 
  26365 |26365 |-790071 | 29 || 0.86207 | 0.27586 | 1.00000 
  26366 |26366 |-790101 | 29 || 0.89655 | 0.27586 | 1.00000 
  26367 |26367 |-790131 | 29 || 0.93103 | 0.27586 | 1.00000 
  26368 |26368 |-790161 | 29 || 0.96552 | 0.27586 | 1.00000 
  26371 |26371 |-790250 | 29 || 0.03448 | 0.31034 | 1.00000 
  26372 |26372 |-790280 | 29 || 0.06897 | 0.31034 | 1.00000 
  26373 |26373 |-790310 | 29 || 0.10345 | 0.31034 | 1.00000 
  26374 |26374 |-790340 | 29 || 0.13793 | 0.31034 | 1.00000 
  26375 |26375 |-790370 | 29 || 0.17241 | 0.31034 | 1.00000 
  26376 |26376 |-790400 | 29 || 0.20690 | 0.31034 | 1.00000 
  26377 |26377 |-790430 | 29 || 0.24138 | 0.31034 | 1.00000 
  26378 |26378 |-790460 | 29 || 0.27586 | 0.31034 | 1.00000 
  26379 |26379 |-790490 | 29 || 0.31034 | 0.31034 | 1.00000 
  26380 |26380 |-790520 | 29 || 0.34483 | 0.31034 | 1.00000 
  26381 |26381 |-790550 | 29 || 0.37931 | 0.31034 | 1.00000 
  26382 |26382 |-790580 | 29 || 0.41379 | 0.31034 | 1.00000 
  26383 |26383 |-790610 | 29 || 0.44828 | 0.31034 | 1.00000 
  26384 |26384 |-790640 | 29 || 0.48276 | 0.31034 | 1.00000 
  26385 |26385 |-790670 | 29 || 0.51724 | 0.31034 | 1.00000 
  26386 |26386 |-790700 | 29 || 0.55172 | 0.31034 | 1.00000 
  26387 |26387 |-790730 | 29 || 0.58621 | 0.31034 | 1.00000 
  26388 |26388 |-790760 | 29 || 0.62069 | 0.31034 | 1.00000 
  26389 |26389 |-790790 | 29 || 0.65517 | 0.31034 | 1.00000 
  26390 |26390 |-790820 | 29 || 0.68966 | 0.31034 | 1.00000 
  26391 |26391 |-790850 | 29 || 0.72414 | 0.31034 | 1.00000 
  26392 |26392 |-790880 | 29 || 0.75862 | 0.31034 | 1.00000 
  26393 |26393 |-790910 | 29 || 0.79310 | 0.31034 | 1.00000 
  26394 |26394 |-790940 | 29 || 0.82759 | 0.31034 | 1.00000 
  26395 |26395 |-790970 | 29 || 0.86207 | 0.31034 | 1.00000 
  26396 |26396 |-791000 | 29 || 0.89655 | 0.31034 | 1.00000 
  26397 |26397 |-791030 | 29 || 0.93103 | 0.31034 | 1.00000 
  26398 |26398 |-791060 | 29 || 0.96552 | 0.31034 | 1.00000 
  26401 |26401 |-791149 | 29 || 0.03448 | 0.34483 | 1.00000 
  26402 |26402 |-791179 | 29 || 0.06897 | 0.34483 | 1.00000 
  26403 |26403 |-791209 | 29 || 0.10345 | 0.34483 | 1.00000 
  26404 |26404 |-791239 | 29 || 0.13793 | 0.34483 | 1.00000 
  26405 |26405 |-791269 | 29 || 0.17241 | 0.34483 | 1.00000 
  26406 |26406 |-791299 | 29 || 0.20690 | 0.34483 | 1.00000 
  26407 |26407 |-791329 | 29 || 0.24138 | 0.34483 | 1.00000 
  26408 |26408 |-791359 | 29 || 0.27586 | 0.34483 | 1.00000 
  26409 |26409 |-791389 | 29 || 0.31034 | 0.34483 | 1.00000 
  26410 |26410 |-791419 | 29 || 0.34483 | 0.34483 | 1.00000 
  26411 |26411 |-791449 | 29 || 0.37931 | 0.34483 | 1.00000 
  26412 |26412 |-791479 | 29 || 0.41379 | 0.34483 | 1.00000 
  26413 |26413 |-791509 | 29 || 0.44828 | 0.34483 | 1.00000 
  26414 |26414 |-791539 | 29 || 0.48276 | 0.34483 | 1.00000 
  26415 |26415 |-791569 | 29 || 0.51724 | 0.34483 | 1.00000 
  26416 |26416 |-791599 | 29 || 0.55172 | 0.34483 | 1.00000 
  26417 |26417 |-791629 | 29 || 0.58621 | 0.34483 | 1.00000 
  26418 |26418 |-791659 | 29 || 0.62069 | 0.34483 | 1.00000 
  26419 |26419 |-791689 | 29 || 0.65517 | 0.34483 | 1.00000 
  26420 |26420 |-791719 | 29 || 0.68966 | 0.34483 | 1.00000 
  26421 |26421 |-791749 | 29 || 0.72414 | 0.34483 | 1.00000 
  26422 |26422 |-791779 | 29 || 0.75862 | 0.34483 | 1.00000 
  26423 |26423 |-791809 | 29 || 0.79310 | 0.34483 | 1.00000 
  26424 |26424 |-791839 | 29 || 0.82759 | 0.34483 | 1.00000 
  26425 |26425 |-791869 | 29 || 0.86207 | 0.34483 | 1.00000 
  26426 |26426 |-791899 | 29 || 0.89655 | 0.34483 | 1.00000 
  26427 |26427 |-791929 | 29 || 0.93103 | 0.34483 | 1.00000 
  26428 |26428 |-791959 | 29 || 0.96552 | 0.34483 | 1.00000 
  26431 |26431 |-792048 | 29 || 0.03448 | 0.37931 | 1.00000 
  26432 |26432 |-792078 | 29 || 0.06897 | 0.37931 | 1.00000 
  26433 |26433 |-792108 | 29 || 0.10345 | 0.37931 | 1.00000 
  26434 |26434 |-792138 | 29 || 0.13793 | 0.37931 | 1.00000 
  26435 |26435 |-792168 | 29 || 0.17241 | 0.37931 | 1.00000 
  26436 |26436 |-792198 | 29 || 0.20690 | 0.37931 | 1.00000 
  26437 |26437 |-792228 | 29 || 0.24138 | 0.37931 | 1.00000 
  26438 |26438 |-792258 | 29 || 0.27586 | 0.37931 | 1.00000 
  26439 |26439 |-792288 | 29 || 0.31034 | 0.37931 | 1.00000 
  26440 |26440 |-792318 | 29 || 0.34483 | 0.37931 | 1.00000 
  26441 |26441 |-792348 | 29 || 0.37931 | 0.37931 | 1.00000 
  26442 |26442 |-792378 | 29 || 0.41379 | 0.37931 | 1.00000 
  26443 |26443 |-792408 | 29 || 0.44828 | 0.37931 | 1.00000 
  26444 |26444 |-792438 | 29 || 0.48276 | 0.37931 | 1.00000 
  26445 |26445 |-792468 | 29 || 0.51724 | 0.37931 | 1.00000 
  26446 |26446 |-792498 | 29 || 0.55172 | 0.37931 | 1.00000 
  26447 |26447 |-792528 | 29 || 0.58621 | 0.37931 | 1.00000 
  26448 |26448 |-792558 | 29 || 0.62069 | 0.37931 | 1.00000 
  26449 |26449 |-792588 | 29 || 0.65517 | 0.37931 | 1.00000 
  26450 |26450 |-792618 | 29 || 0.68966 | 0.37931 | 1.00000 
  26451 |26451 |-792648 | 29 || 0.72414 | 0.37931 | 1.00000 
  26452 |26452 |-792678 | 29 || 0.75862 | 0.37931 | 1.00000 
  26453 |26453 |-792708 | 29 || 0.79310 | 0.37931 | 1.00000 
  26454 |26454 |-792738 | 29 || 0.82759 | 0.37931 | 1.00000 
  26455 |26455 |-792768 | 29 || 0.86207 | 0.37931 | 1.00000 
  26456 |26456 |-792798 | 29 || 0.89655 | 0.37931 | 1.00000 
  26457 |26457 |-792828 | 29 || 0.93103 | 0.37931 | 1.00000 
  26458 |26458 |-792858 | 29 || 0.96552 | 0.37931 | 1.00000 
  26461 |26461 |-792947 | 29 || 0.03448 | 0.41379 | 1.00000 
  26462 |26462 |-792977 | 29 || 0.06897 | 0.41379 | 1.00000 
  26463 |26463 |-793007 | 29 || 0.10345 | 0.41379 | 1.00000 
  26464 |26464 |-793037 | 29 || 0.13793 | 0.41379 | 1.00000 
  26465 |26465 |-793067 | 29 || 0.17241 | 0.41379 | 1.00000 
  26466 |26466 |-793097 | 29 || 0.20690 | 0.41379 | 1.00000 
  26467 |26467 |-793127 | 29 || 0.24138 | 0.41379 | 1.00000 
  26468 |26468 |-793157 | 29 || 0.27586 | 0.41379 | 1.00000 
  26469 |26469 |-793187 | 29 || 0.31034 | 0.41379 | 1.00000 
  26470 |26470 |-793217 | 29 || 0.34483 | 0.41379 | 1.00000 
  26471 |26471 |-793247 | 29 || 0.37931 | 0.41379 | 1.00000 
  26472 |26472 |-793277 | 29 || 0.41379 | 0.41379 | 1.00000 
  26473 |26473 |-793307 | 29 || 0.44828 | 0.41379 | 1.00000 
  26474 |26474 |-793337 | 29 || 0.48276 | 0.41379 | 1.00000 
  26475 |26475 |-793367 | 29 || 0.51724 | 0.41379 | 1.00000 
  26476 |26476 |-793397 | 29 || 0.55172 | 0.41379 | 1.00000 
  26477 |26477 |-793427 | 29 || 0.58621 | 0.41379 | 1.00000 
  26478 |26478 |-793457 | 29 || 0.62069 | 0.41379 | 1.00000 
  26479 |26479 |-793487 | 29 || 0.65517 | 0.41379 | 1.00000 
  26480 |26480 |-793517 | 29 || 0.68966 | 0.41379 | 1.00000 
  26481 |26481 |-793547 | 29 || 0.72414 | 0.41379 | 1.00000 
  26482 |26482 |-793577 | 29 || 0.75862 | 0.41379 | 1.00000 
  26483 |26483 |-793607 | 29 || 0.79310 | 0.41379 | 1.00000 
  26484 |26484 |-793637 | 29 || 0.82759 | 0.41379 | 1.00000 
  26485 |26485 |-793667 | 29 || 0.86207 | 0.41379 | 1.00000 
  26486 |26486 |-793697 | 29 || 0.89655 | 0.41379 | 1.00000 
  26487 |26487 |-793727 | 29 || 0.93103 | 0.41379 | 1.00000 
  26488 |26488 |-793757 | 29 || 0.96552 | 0.41379 | 1.00000 
  26491 |26491 |-793846 | 29 || 0.03448 | 0.44828 | 1.00000 
  26492 |26492 |-793876 | 29 || 0.06897 | 0.44828 | 1.00000 
  26493 |26493 |-793906 | 29 || 0.10345 | 0.44828 | 1.00000 
  26494 |26494 |-793936 | 29 || 0.13793 | 0.44828 | 1.00000 
  26495 |26495 |-793966 | 29 || 0.17241 | 0.44828 | 1.00000 
  26496 |26496 |-793996 | 29 || 0.20690 | 0.44828 | 1.00000 
  26497 |26497 |-794026 | 29 || 0.24138 | 0.44828 | 1.00000 
  26498 |26498 |-794056 | 29 || 0.27586 | 0.44828 | 1.00000 
  26499 |26499 |-794086 | 29 || 0.31034 | 0.44828 | 1.00000 
  26500 |26500 |-794116 | 29 || 0.34483 | 0.44828 | 1.00000 
  26501 |26501 |-794146 | 29 || 0.37931 | 0.44828 | 1.00000 
  26502 |26502 |-794176 | 29 || 0.41379 | 0.44828 | 1.00000 
  26503 |26503 |-794206 | 29 || 0.44828 | 0.44828 | 1.00000 
  26504 |26504 |-794236 | 29 || 0.48276 | 0.44828 | 1.00000 
  26505 |26505 |-794266 | 29 || 0.51724 | 0.44828 | 1.00000 
  26506 |26506 |-794296 | 29 || 0.55172 | 0.44828 | 1.00000 
  26507 |26507 |-794326 | 29 || 0.58621 | 0.44828 | 1.00000 
  26508 |26508 |-794356 | 29 || 0.62069 | 0.44828 | 1.00000 
  26509 |26509 |-794386 | 29 || 0.65517 | 0.44828 | 1.00000 
  26510 |26510 |-794416 | 29 || 0.68966 | 0.44828 | 1.00000 
  26511 |26511 |-794446 | 29 || 0.72414 | 0.44828 | 1.00000 
  26512 |26512 |-794476 | 29 || 0.75862 | 0.44828 | 1.00000 
  26513 |26513 |-794506 | 29 || 0.79310 | 0.44828 | 1.00000 
  26514 |26514 |-794536 | 29 || 0.82759 | 0.44828 | 1.00000 
  26515 |26515 |-794566 | 29 || 0.86207 | 0.44828 | 1.00000 
  26516 |26516 |-794596 | 29 || 0.89655 | 0.44828 | 1.00000 
  26517 |26517 |-794626 | 29 || 0.93103 | 0.44828 | 1.00000 
  26518 |26518 |-794656 | 29 || 0.96552 | 0.44828 | 1.00000 
  26521 |26521 |-794745 | 29 || 0.03448 | 0.48276 | 1.00000 
  26522 |26522 |-794775 | 29 || 0.06897 | 0.48276 | 1.00000 
  26523 |26523 |-794805 | 29 || 0.10345 | 0.48276 | 1.00000 
  26524 |26524 |-794835 | 29 || 0.13793 | 0.48276 | 1.00000 
  26525 |26525 |-794865 | 29 || 0.17241 | 0.48276 | 1.00000 
  26526 |26526 |-794895 | 29 || 0.20690 | 0.48276 | 1.00000 
  26527 |26527 |-794925 | 29 || 0.24138 | 0.48276 | 1.00000 
  26528 |26528 |-794955 | 29 || 0.27586 | 0.48276 | 1.00000 
  26529 |26529 |-794985 | 29 || 0.31034 | 0.48276 | 1.00000 
  26530 |26530 |-795015 | 29 || 0.34483 | 0.48276 | 1.00000 
  26531 |26531 |-795045 | 29 || 0.37931 | 0.48276 | 1.00000 
  26532 |26532 |-795075 | 29 || 0.41379 | 0.48276 | 1.00000 
  26533 |26533 |-795105 | 29 || 0.44828 | 0.48276 | 1.00000 
  26534 |26534 |-795135 | 29 || 0.48276 | 0.48276 | 1.00000 
  26535 |26535 |-795165 | 29 || 0.51724 | 0.48276 | 1.00000 
  26536 |26536 |-795195 | 29 || 0.55172 | 0.48276 | 1.00000 
  26537 |26537 |-795225 | 29 || 0.58621 | 0.48276 | 1.00000 
  26538 |26538 |-795255 | 29 || 0.62069 | 0.48276 | 1.00000 
  26539 |26539 |-795285 | 29 || 0.65517 | 0.48276 | 1.00000 
  26540 |26540 |-795315 | 29 || 0.68966 | 0.48276 | 1.00000 
  26541 |26541 |-795345 | 29 || 0.72414 | 0.48276 | 1.00000 
  26542 |26542 |-795375 | 29 || 0.75862 | 0.48276 | 1.00000 
  26543 |26543 |-795405 | 29 || 0.79310 | 0.48276 | 1.00000 
  26544 |26544 |-795435 | 29 || 0.82759 | 0.48276 | 1.00000 
  26545 |26545 |-795465 | 29 || 0.86207 | 0.48276 | 1.00000 
  26546 |26546 |-795495 | 29 || 0.89655 | 0.48276 | 1.00000 
  26547 |26547 |-795525 | 29 || 0.93103 | 0.48276 | 1.00000 
  26548 |26548 |-795555 | 29 || 0.96552 | 0.48276 | 1.00000 
  26551 |26551 |-795644 | 29 || 0.03448 | 0.51724 | 1.00000 
  26552 |26552 |-795674 | 29 || 0.06897 | 0.51724 | 1.00000 
  26553 |26553 |-795704 | 29 || 0.10345 | 0.51724 | 1.00000 
  26554 |26554 |-795734 | 29 || 0.13793 | 0.51724 | 1.00000 
  26555 |26555 |-795764 | 29 || 0.17241 | 0.51724 | 1.00000 
  26556 |26556 |-795794 | 29 || 0.20690 | 0.51724 | 1.00000 
  26557 |26557 |-795824 | 29 || 0.24138 | 0.51724 | 1.00000 
  26558 |26558 |-795854 | 29 || 0.27586 | 0.51724 | 1.00000 
  26559 |26559 |-795884 | 29 || 0.31034 | 0.51724 | 1.00000 
  26560 |26560 |-795914 | 29 || 0.34483 | 0.51724 | 1.00000 
  26561 |26561 |-795944 | 29 || 0.37931 | 0.51724 | 1.00000 
  26562 |26562 |-795974 | 29 || 0.41379 | 0.51724 | 1.00000 
  26563 |26563 |-796004 | 29 || 0.44828 | 0.51724 | 1.00000 
  26564 |26564 |-796034 | 29 || 0.48276 | 0.51724 | 1.00000 
  26565 |26565 |-796064 | 29 || 0.51724 | 0.51724 | 1.00000 
  26566 |26566 |-796094 | 29 || 0.55172 | 0.51724 | 1.00000 
  26567 |26567 |-796124 | 29 || 0.58621 | 0.51724 | 1.00000 
  26568 |26568 |-796154 | 29 || 0.62069 | 0.51724 | 1.00000 
  26569 |26569 |-796184 | 29 || 0.65517 | 0.51724 | 1.00000 
  26570 |26570 |-796214 | 29 || 0.68966 | 0.51724 | 1.00000 
  26571 |26571 |-796244 | 29 || 0.72414 | 0.51724 | 1.00000 
  26572 |26572 |-796274 | 29 || 0.75862 | 0.51724 | 1.00000 
  26573 |26573 |-796304 | 29 || 0.79310 | 0.51724 | 1.00000 
  26574 |26574 |-796334 | 29 || 0.82759 | 0.51724 | 1.00000 
  26575 |26575 |-796364 | 29 || 0.86207 | 0.51724 | 1.00000 
  26576 |26576 |-796394 | 29 || 0.89655 | 0.51724 | 1.00000 
  26577 |26577 |-796424 | 29 || 0.93103 | 0.51724 | 1.00000 
  26578 |26578 |-796454 | 29 || 0.96552 | 0.51724 | 1.00000 
  26581 |26581 |-796543 | 29 || 0.03448 | 0.55172 | 1.00000 
  26582 |26582 |-796573 | 29 || 0.06897 | 0.55172 | 1.00000 
  26583 |26583 |-796603 | 29 || 0.10345 | 0.55172 | 1.00000 
  26584 |26584 |-796633 | 29 || 0.13793 | 0.55172 | 1.00000 
  26585 |26585 |-796663 | 29 || 0.17241 | 0.55172 | 1.00000 
  26586 |26586 |-796693 | 29 || 0.20690 | 0.55172 | 1.00000 
  26587 |26587 |-796723 | 29 || 0.24138 | 0.55172 | 1.00000 
  26588 |26588 |-796753 | 29 || 0.27586 | 0.55172 | 1.00000 
  26589 |26589 |-796783 | 29 || 0.31034 | 0.55172 | 1.00000 
  26590 |26590 |-796813 | 29 || 0.34483 | 0.55172 | 1.00000 
  26591 |26591 |-796843 | 29 || 0.37931 | 0.55172 | 1.00000 
  26592 |26592 |-796873 | 29 || 0.41379 | 0.55172 | 1.00000 
  26593 |26593 |-796903 | 29 || 0.44828 | 0.55172 | 1.00000 
  26594 |26594 |-796933 | 29 || 0.48276 | 0.55172 | 1.00000 
  26595 |26595 |-796963 | 29 || 0.51724 | 0.55172 | 1.00000 
  26596 |26596 |-796993 | 29 || 0.55172 | 0.55172 | 1.00000 
  26597 |26597 |-797023 | 29 || 0.58621 | 0.55172 | 1.00000 
  26598 |26598 |-797053 | 29 || 0.62069 | 0.55172 | 1.00000 
  26599 |26599 |-797083 | 29 || 0.65517 | 0.55172 | 1.00000 
  26600 |26600 |-797113 | 29 || 0.68966 | 0.55172 | 1.00000 
  26601 |26601 |-797143 | 29 || 0.72414 | 0.55172 | 1.00000 
  26602 |26602 |-797173 | 29 || 0.75862 | 0.55172 | 1.00000 
  26603 |26603 |-797203 | 29 || 0.79310 | 0.55172 | 1.00000 
  26604 |26604 |-797233 | 29 || 0.82759 | 0.55172 | 1.00000 
  26605 |26605 |-797263 | 29 || 0.86207 | 0.55172 | 1.00000 
  26606 |26606 |-797293 | 29 || 0.89655 | 0.55172 | 1.00000 
  26607 |26607 |-797323 | 29 || 0.93103 | 0.55172 | 1.00000 
  26608 |26608 |-797353 | 29 || 0.96552 | 0.55172 | 1.00000 
  26611 |26611 |-797442 | 29 || 0.03448 | 0.58621 | 1.00000 
  26612 |26612 |-797472 | 29 || 0.06897 | 0.58621 | 1.00000 
  26613 |26613 |-797502 | 29 || 0.10345 | 0.58621 | 1.00000 
  26614 |26614 |-797532 | 29 || 0.13793 | 0.58621 | 1.00000 
  26615 |26615 |-797562 | 29 || 0.17241 | 0.58621 | 1.00000 
  26616 |26616 |-797592 | 29 || 0.20690 | 0.58621 | 1.00000 
  26617 |26617 |-797622 | 29 || 0.24138 | 0.58621 | 1.00000 
  26618 |26618 |-797652 | 29 || 0.27586 | 0.58621 | 1.00000 
  26619 |26619 |-797682 | 29 || 0.31034 | 0.58621 | 1.00000 
  26620 |26620 |-797712 | 29 || 0.34483 | 0.58621 | 1.00000 
  26621 |26621 |-797742 | 29 || 0.37931 | 0.58621 | 1.00000 
  26622 |26622 |-797772 | 29 || 0.41379 | 0.58621 | 1.00000 
  26623 |26623 |-797802 | 29 || 0.44828 | 0.58621 | 1.00000 
  26624 |26624 |-797832 | 29 || 0.48276 | 0.58621 | 1.00000 
  26625 |26625 |-797862 | 29 || 0.51724 | 0.58621 | 1.00000 
  26626 |26626 |-797892 | 29 || 0.55172 | 0.58621 | 1.00000 
  26627 |26627 |-797922 | 29 || 0.58621 | 0.58621 | 1.00000 
  26628 |26628 |-797952 | 29 || 0.62069 | 0.58621 | 1.00000 
  26629 |26629 |-797982 | 29 || 0.65517 | 0.58621 | 1.00000 
  26630 |26630 |-798012 | 29 || 0.68966 | 0.58621 | 1.00000 
  26631 |26631 |-798042 | 29 || 0.72414 | 0.58621 | 1.00000 
  26632 |26632 |-798072 | 29 || 0.75862 | 0.58621 | 1.00000 
  26633 |26633 |-798102 | 29 || 0.79310 | 0.58621 | 1.00000 
  26634 |26634 |-798132 | 29 || 0.82759 | 0.58621 | 1.00000 
  26635 |26635 |-798162 | 29 || 0.86207 | 0.58621 | 1.00000 
  26636 |26636 |-798192 | 29 || 0.89655 | 0.58621 | 1.00000 
  26637 |26637 |-798222 | 29 || 0.93103 | 0.58621 | 1.00000 
  26638 |26638 |-798252 | 29 || 0.96552 | 0.58621 | 1.00000 
  26641 |26641 |-798341 | 29 || 0.03448 | 0.62069 | 1.00000 
  26642 |26642 |-798371 | 29 || 0.06897 | 0.62069 | 1.00000 
  26643 |26643 |-798401 | 29 || 0.10345 | 0.62069 | 1.00000 
  26644 |26644 |-798431 | 29 || 0.13793 | 0.62069 | 1.00000 
  26645 |26645 |-798461 | 29 || 0.17241 | 0.62069 | 1.00000 
  26646 |26646 |-798491 | 29 || 0.20690 | 0.62069 | 1.00000 
  26647 |26647 |-798521 | 29 || 0.24138 | 0.62069 | 1.00000 
  26648 |26648 |-798551 | 29 || 0.27586 | 0.62069 | 1.00000 
  26649 |26649 |-798581 | 29 || 0.31034 | 0.62069 | 1.00000 
  26650 |26650 |-798611 | 29 || 0.34483 | 0.62069 | 1.00000 
  26651 |26651 |-798641 | 29 || 0.37931 | 0.62069 | 1.00000 
  26652 |26652 |-798671 | 29 || 0.41379 | 0.62069 | 1.00000 
  26653 |26653 |-798701 | 29 || 0.44828 | 0.62069 | 1.00000 
  26654 |26654 |-798731 | 29 || 0.48276 | 0.62069 | 1.00000 
  26655 |26655 |-798761 | 29 || 0.51724 | 0.62069 | 1.00000 
  26656 |26656 |-798791 | 29 || 0.55172 | 0.62069 | 1.00000 
  26657 |26657 |-798821 | 29 || 0.58621 | 0.62069 | 1.00000 
  26658 |26658 |-798851 | 29 || 0.62069 | 0.62069 | 1.00000 
  26659 |26659 |-798881 | 29 || 0.65517 | 0.62069 | 1.00000 
  26660 |26660 |-798911 | 29 || 0.68966 | 0.62069 | 1.00000 
  26661 |26661 |-798941 | 29 || 0.72414 | 0.62069 | 1.00000 
  26662 |26662 |-798971 | 29 || 0.75862 | 0.62069 | 1.00000 
  26663 |26663 |-799001 | 29 || 0.79310 | 0.62069 | 1.00000 
  26664 |26664 |-799031 | 29 || 0.82759 | 0.62069 | 1.00000 
  26665 |26665 |-799061 | 29 || 0.86207 | 0.62069 | 1.00000 
  26666 |26666 |-799091 | 29 || 0.89655 | 0.62069 | 1.00000 
  26667 |26667 |-799121 | 29 || 0.93103 | 0.62069 | 1.00000 
  26668 |26668 |-799151 | 29 || 0.96552 | 0.62069 | 1.00000 
  26671 |26671 |-799240 | 29 || 0.03448 | 0.65517 | 1.00000 
  26672 |26672 |-799270 | 29 || 0.06897 | 0.65517 | 1.00000 
  26673 |26673 |-799300 | 29 || 0.10345 | 0.65517 | 1.00000 
  26674 |26674 |-799330 | 29 || 0.13793 | 0.65517 | 1.00000 
  26675 |26675 |-799360 | 29 || 0.17241 | 0.65517 | 1.00000 
  26676 |26676 |-799390 | 29 || 0.20690 | 0.65517 | 1.00000 
  26677 |26677 |-799420 | 29 || 0.24138 | 0.65517 | 1.00000 
  26678 |26678 |-799450 | 29 || 0.27586 | 0.65517 | 1.00000 
  26679 |26679 |-799480 | 29 || 0.31034 | 0.65517 | 1.00000 
  26680 |26680 |-799510 | 29 || 0.34483 | 0.65517 | 1.00000 
  26681 |26681 |-799540 | 29 || 0.37931 | 0.65517 | 1.00000 
  26682 |26682 |-799570 | 29 || 0.41379 | 0.65517 | 1.00000 
  26683 |26683 |-799600 | 29 || 0.44828 | 0.65517 | 1.00000 
  26684 |26684 |-799630 | 29 || 0.48276 | 0.65517 | 1.00000 
  26685 |26685 |-799660 | 29 || 0.51724 | 0.65517 | 1.00000 
  26686 |26686 |-799690 | 29 || 0.55172 | 0.65517 | 1.00000 
  26687 |26687 |-799720 | 29 || 0.58621 | 0.65517 | 1.00000 
  26688 |26688 |-799750 | 29 || 0.62069 | 0.65517 | 1.00000 
  26689 |26689 |-799780 | 29 || 0.65517 | 0.65517 | 1.00000 
  26690 |26690 |-799810 | 29 || 0.68966 | 0.65517 | 1.00000 
  26691 |26691 |-799840 | 29 || 0.72414 | 0.65517 | 1.00000 
  26692 |26692 |-799870 | 29 || 0.75862 | 0.65517 | 1.00000 
  26693 |26693 |-799900 | 29 || 0.79310 | 0.65517 | 1.00000 
  26694 |26694 |-799930 | 29 || 0.82759 | 0.65517 | 1.00000 
  26695 |26695 |-799960 | 29 || 0.86207 | 0.65517 | 1.00000 
  26696 |26696 |-799990 | 29 || 0.89655 | 0.65517 | 1.00000 
  26697 |26697 |-800020 | 29 || 0.93103 | 0.65517 | 1.00000 
  26698 |26698 |-800050 | 29 || 0.96552 | 0.65517 | 1.00000 
  26701 |26701 |-800139 | 29 || 0.03448 | 0.68966 | 1.00000 
  26702 |26702 |-800169 | 29 || 0.06897 | 0.68966 | 1.00000 
  26703 |26703 |-800199 | 29 || 0.10345 | 0.68966 | 1.00000 
  26704 |26704 |-800229 | 29 || 0.13793 | 0.68966 | 1.00000 
  26705 |26705 |-800259 | 29 || 0.17241 | 0.68966 | 1.00000 
  26706 |26706 |-800289 | 29 || 0.20690 | 0.68966 | 1.00000 
  26707 |26707 |-800319 | 29 || 0.24138 | 0.68966 | 1.00000 
  26708 |26708 |-800349 | 29 || 0.27586 | 0.68966 | 1.00000 
  26709 |26709 |-800379 | 29 || 0.31034 | 0.68966 | 1.00000 
  26710 |26710 |-800409 | 29 || 0.34483 | 0.68966 | 1.00000 
  26711 |26711 |-800439 | 29 || 0.37931 | 0.68966 | 1.00000 
  26712 |26712 |-800469 | 29 || 0.41379 | 0.68966 | 1.00000 
  26713 |26713 |-800499 | 29 || 0.44828 | 0.68966 | 1.00000 
  26714 |26714 |-800529 | 29 || 0.48276 | 0.68966 | 1.00000 
  26715 |26715 |-800559 | 29 || 0.51724 | 0.68966 | 1.00000 
  26716 |26716 |-800589 | 29 || 0.55172 | 0.68966 | 1.00000 
  26717 |26717 |-800619 | 29 || 0.58621 | 0.68966 | 1.00000 
  26718 |26718 |-800649 | 29 || 0.62069 | 0.68966 | 1.00000 
  26719 |26719 |-800679 | 29 || 0.65517 | 0.68966 | 1.00000 
  26720 |26720 |-800709 | 29 || 0.68966 | 0.68966 | 1.00000 
  26721 |26721 |-800739 | 29 || 0.72414 | 0.68966 | 1.00000 
  26722 |26722 |-800769 | 29 || 0.75862 | 0.68966 | 1.00000 
  26723 |26723 |-800799 | 29 || 0.79310 | 0.68966 | 1.00000 
  26724 |26724 |-800829 | 29 || 0.82759 | 0.68966 | 1.00000 
  26725 |26725 |-800859 | 29 || 0.86207 | 0.68966 | 1.00000 
  26726 |26726 |-800889 | 29 || 0.89655 | 0.68966 | 1.00000 
  26727 |26727 |-800919 | 29 || 0.93103 | 0.68966 | 1.00000 
  26728 |26728 |-800949 | 29 || 0.96552 | 0.68966 | 1.00000 
  26731 |26731 |-801038 | 29 || 0.03448 | 0.72414 | 1.00000 
  26732 |26732 |-801068 | 29 || 0.06897 | 0.72414 | 1.00000 
  26733 |26733 |-801098 | 29 || 0.10345 | 0.72414 | 1.00000 
  26734 |26734 |-801128 | 29 || 0.13793 | 0.72414 | 1.00000 
  26735 |26735 |-801158 | 29 || 0.17241 | 0.72414 | 1.00000 
  26736 |26736 |-801188 | 29 || 0.20690 | 0.72414 | 1.00000 
  26737 |26737 |-801218 | 29 || 0.24138 | 0.72414 | 1.00000 
  26738 |26738 |-801248 | 29 || 0.27586 | 0.72414 | 1.00000 
  26739 |26739 |-801278 | 29 || 0.31034 | 0.72414 | 1.00000 
  26740 |26740 |-801308 | 29 || 0.34483 | 0.72414 | 1.00000 
  26741 |26741 |-801338 | 29 || 0.37931 | 0.72414 | 1.00000 
  26742 |26742 |-801368 | 29 || 0.41379 | 0.72414 | 1.00000 
  26743 |26743 |-801398 | 29 || 0.44828 | 0.72414 | 1.00000 
  26744 |26744 |-801428 | 29 || 0.48276 | 0.72414 | 1.00000 
  26745 |26745 |-801458 | 29 || 0.51724 | 0.72414 | 1.00000 
  26746 |26746 |-801488 | 29 || 0.55172 | 0.72414 | 1.00000 
  26747 |26747 |-801518 | 29 || 0.58621 | 0.72414 | 1.00000 
  26748 |26748 |-801548 | 29 || 0.62069 | 0.72414 | 1.00000 
  26749 |26749 |-801578 | 29 || 0.65517 | 0.72414 | 1.00000 
  26750 |26750 |-801608 | 29 || 0.68966 | 0.72414 | 1.00000 
  26751 |26751 |-801638 | 29 || 0.72414 | 0.72414 | 1.00000 
  26752 |26752 |-801668 | 29 || 0.75862 | 0.72414 | 1.00000 
  26753 |26753 |-801698 | 29 || 0.79310 | 0.72414 | 1.00000 
  26754 |26754 |-801728 | 29 || 0.82759 | 0.72414 | 1.00000 
  26755 |26755 |-801758 | 29 || 0.86207 | 0.72414 | 1.00000 
  26756 |26756 |-801788 | 29 || 0.89655 | 0.72414 | 1.00000 
  26757 |26757 |-801818 | 29 || 0.93103 | 0.72414 | 1.00000 
  26758 |26758 |-801848 | 29 || 0.96552 | 0.72414 | 1.00000 
  26761 |26761 |-801937 | 29 || 0.03448 | 0.75862 | 1.00000 
  26762 |26762 |-801967 | 29 || 0.06897 | 0.75862 | 1.00000 
  26763 |26763 |-801997 | 29 || 0.10345 | 0.75862 | 1.00000 
  26764 |26764 |-802027 | 29 || 0.13793 | 0.75862 | 1.00000 
  26765 |26765 |-802057 | 29 || 0.17241 | 0.75862 | 1.00000 
  26766 |26766 |-802087 | 29 || 0.20690 | 0.75862 | 1.00000 
  26767 |26767 |-802117 | 29 || 0.24138 | 0.75862 | 1.00000 
  26768 |26768 |-802147 | 29 || 0.27586 | 0.75862 | 1.00000 
  26769 |26769 |-802177 | 29 || 0.31034 | 0.75862 | 1.00000 
  26770 |26770 |-802207 | 29 || 0.34483 | 0.75862 | 1.00000 
  26771 |26771 |-802237 | 29 || 0.37931 | 0.75862 | 1.00000 
  26772 |26772 |-802267 | 29 || 0.41379 | 0.75862 | 1.00000 
  26773 |26773 |-802297 | 29 || 0.44828 | 0.75862 | 1.00000 
  26774 |26774 |-802327 | 29 || 0.48276 | 0.75862 | 1.00000 
  26775 |26775 |-802357 | 29 || 0.51724 | 0.75862 | 1.00000 
  26776 |26776 |-802387 | 29 || 0.55172 | 0.75862 | 1.00000 
  26777 |26777 |-802417 | 29 || 0.58621 | 0.75862 | 1.00000 
  26778 |26778 |-802447 | 29 || 0.62069 | 0.75862 | 1.00000 
  26779 |26779 |-802477 | 29 || 0.65517 | 0.75862 | 1.00000 
  26780 |26780 |-802507 | 29 || 0.68966 | 0.75862 | 1.00000 
  26781 |26781 |-802537 | 29 || 0.72414 | 0.75862 | 1.00000 
  26782 |26782 |-802567 | 29 || 0.75862 | 0.75862 | 1.00000 
  26783 |26783 |-802597 | 29 || 0.79310 | 0.75862 | 1.00000 
  26784 |26784 |-802627 | 29 || 0.82759 | 0.75862 | 1.00000 
  26785 |26785 |-802657 | 29 || 0.86207 | 0.75862 | 1.00000 
  26786 |26786 |-802687 | 29 || 0.89655 | 0.75862 | 1.00000 
  26787 |26787 |-802717 | 29 || 0.93103 | 0.75862 | 1.00000 
  26788 |26788 |-802747 | 29 || 0.96552 | 0.75862 | 1.00000 
  26791 |26791 |-802836 | 29 || 0.03448 | 0.79310 | 1.00000 
  26792 |26792 |-802866 | 29 || 0.06897 | 0.79310 | 1.00000 
  26793 |26793 |-802896 | 29 || 0.10345 | 0.79310 | 1.00000 
  26794 |26794 |-802926 | 29 || 0.13793 | 0.79310 | 1.00000 
  26795 |26795 |-802956 | 29 || 0.17241 | 0.79310 | 1.00000 
  26796 |26796 |-802986 | 29 || 0.20690 | 0.79310 | 1.00000 
  26797 |26797 |-803016 | 29 || 0.24138 | 0.79310 | 1.00000 
  26798 |26798 |-803046 | 29 || 0.27586 | 0.79310 | 1.00000 
  26799 |26799 |-803076 | 29 || 0.31034 | 0.79310 | 1.00000 
  26800 |26800 |-803106 | 29 || 0.34483 | 0.79310 | 1.00000 
  26801 |26801 |-803136 | 29 || 0.37931 | 0.79310 | 1.00000 
  26802 |26802 |-803166 | 29 || 0.41379 | 0.79310 | 1.00000 
  26803 |26803 |-803196 | 29 || 0.44828 | 0.79310 | 1.00000 
  26804 |26804 |-803226 | 29 || 0.48276 | 0.79310 | 1.00000 
  26805 |26805 |-803256 | 29 || 0.51724 | 0.79310 | 1.00000 
  26806 |26806 |-803286 | 29 || 0.55172 | 0.79310 | 1.00000 
  26807 |26807 |-803316 | 29 || 0.58621 | 0.79310 | 1.00000 
  26808 |26808 |-803346 | 29 || 0.62069 | 0.79310 | 1.00000 
  26809 |26809 |-803376 | 29 || 0.65517 | 0.79310 | 1.00000 
  26810 |26810 |-803406 | 29 || 0.68966 | 0.79310 | 1.00000 
  26811 |26811 |-803436 | 29 || 0.72414 | 0.79310 | 1.00000 
  26812 |26812 |-803466 | 29 || 0.75862 | 0.79310 | 1.00000 
  26813 |26813 |-803496 | 29 || 0.79310 | 0.79310 | 1.00000 
  26814 |26814 |-803526 | 29 || 0.82759 | 0.79310 | 1.00000 
  26815 |26815 |-803556 | 29 || 0.86207 | 0.79310 | 1.00000 
  26816 |26816 |-803586 | 29 || 0.89655 | 0.79310 | 1.00000 
  26817 |26817 |-803616 | 29 || 0.93103 | 0.79310 | 1.00000 
  26818 |26818 |-803646 | 29 || 0.96552 | 0.79310 | 1.00000 
  26821 |26821 |-803735 | 29 || 0.03448 | 0.82759 | 1.00000 
  26822 |26822 |-803765 | 29 || 0.06897 | 0.82759 | 1.00000 
  26823 |26823 |-803795 | 29 || 0.10345 | 0.82759 | 1.00000 
  26824 |26824 |-803825 | 29 || 0.13793 | 0.82759 | 1.00000 
  26825 |26825 |-803855 | 29 || 0.17241 | 0.82759 | 1.00000 
  26826 |26826 |-803885 | 29 || 0.20690 | 0.82759 | 1.00000 
  26827 |26827 |-803915 | 29 || 0.24138 | 0.82759 | 1.00000 
  26828 |26828 |-803945 | 29 || 0.27586 | 0.82759 | 1.00000 
  26829 |26829 |-803975 | 29 || 0.31034 | 0.82759 | 1.00000 
  26830 |26830 |-804005 | 29 || 0.34483 | 0.82759 | 1.00000 
  26831 |26831 |-804035 | 29 || 0.37931 | 0.82759 | 1.00000 
  26832 |26832 |-804065 | 29 || 0.41379 | 0.82759 | 1.00000 
  26833 |26833 |-804095 | 29 || 0.44828 | 0.82759 | 1.00000 
  26834 |26834 |-804125 | 29 || 0.48276 | 0.82759 | 1.00000 
  26835 |26835 |-804155 | 29 || 0.51724 | 0.82759 | 1.00000 
  26836 |26836 |-804185 | 29 || 0.55172 | 0.82759 | 1.00000 
  26837 |26837 |-804215 | 29 || 0.58621 | 0.82759 | 1.00000 
  26838 |26838 |-804245 | 29 || 0.62069 | 0.82759 | 1.00000 
  26839 |26839 |-804275 | 29 || 0.65517 | 0.82759 | 1.00000 
  26840 |26840 |-804305 | 29 || 0.68966 | 0.82759 | 1.00000 
  26841 |26841 |-804335 | 29 || 0.72414 | 0.82759 | 1.00000 
  26842 |26842 |-804365 | 29 || 0.75862 | 0.82759 | 1.00000 
  26843 |26843 |-804395 | 29 || 0.79310 | 0.82759 | 1.00000 
  26844 |26844 |-804425 | 29 || 0.82759 | 0.82759 | 1.00000 
  26845 |26845 |-804455 | 29 || 0.86207 | 0.82759 | 1.00000 
  26846 |26846 |-804485 | 29 || 0.89655 | 0.82759 | 1.00000 
  26847 |26847 |-804515 | 29 || 0.93103 | 0.82759 | 1.00000 
  26848 |26848 |-804545 | 29 || 0.96552 | 0.82759 | 1.00000 
  26851 |26851 |-804634 | 29 || 0.03448 | 0.86207 | 1.00000 
  26852 |26852 |-804664 | 29 || 0.06897 | 0.86207 | 1.00000 
  26853 |26853 |-804694 | 29 || 0.10345 | 0.86207 | 1.00000 
  26854 |26854 |-804724 | 29 || 0.13793 | 0.86207 | 1.00000 
  26855 |26855 |-804754 | 29 || 0.17241 | 0.86207 | 1.00000 
  26856 |26856 |-804784 | 29 || 0.20690 | 0.86207 | 1.00000 
  26857 |26857 |-804814 | 29 || 0.24138 | 0.86207 | 1.00000 
  26858 |26858 |-804844 | 29 || 0.27586 | 0.86207 | 1.00000 
  26859 |26859 |-804874 | 29 || 0.31034 | 0.86207 | 1.00000 
  26860 |26860 |-804904 | 29 || 0.34483 | 0.86207 | 1.00000 
  26861 |26861 |-804934 | 29 || 0.37931 | 0.86207 | 1.00000 
  26862 |26862 |-804964 | 29 || 0.41379 | 0.86207 | 1.00000 
  26863 |26863 |-804994 | 29 || 0.44828 | 0.86207 | 1.00000 
  26864 |26864 |-805024 | 29 || 0.48276 | 0.86207 | 1.00000 
  26865 |26865 |-805054 | 29 || 0.51724 | 0.86207 | 1.00000 
  26866 |26866 |-805084 | 29 || 0.55172 | 0.86207 | 1.00000 
  26867 |26867 |-805114 | 29 || 0.58621 | 0.86207 | 1.00000 
  26868 |26868 |-805144 | 29 || 0.62069 | 0.86207 | 1.00000 
  26869 |26869 |-805174 | 29 || 0.65517 | 0.86207 | 1.00000 
  26870 |26870 |-805204 | 29 || 0.68966 | 0.86207 | 1.00000 
  26871 |26871 |-805234 | 29 || 0.72414 | 0.86207 | 1.00000 
  26872 |26872 |-805264 | 29 || 0.75862 | 0.86207 | 1.00000 
  26873 |26873 |-805294 | 29 || 0.79310 | 0.86207 | 1.00000 
  26874 |26874 |-805324 | 29 || 0.82759 | 0.86207 | 1.00000 
  26875 |26875 |-805354 | 29 || 0.86207 | 0.86207 | 1.00000 
  26876 |26876 |-805384 | 29 || 0.89655 | 0.86207 | 1.00000 
  26877 |26877 |-805414 | 29 || 0.93103 | 0.86207 | 1.00000 
  26878 |26878 |-805444 | 29 || 0.96552 | 0.86207 | 1.00000 
  26881 |26881 |-805533 | 29 || 0.03448 | 0.89655 | 1.00000 
  26882 |26882 |-805563 | 29 || 0.06897 | 0.89655 | 1.00000 
  26883 |26883 |-805593 | 29 || 0.10345 | 0.89655 | 1.00000 
  26884 |26884 |-805623 | 29 || 0.13793 | 0.89655 | 1.00000 
  26885 |26885 |-805653 | 29 || 0.17241 | 0.89655 | 1.00000 
  26886 |26886 |-805683 | 29 || 0.20690 | 0.89655 | 1.00000 
  26887 |26887 |-805713 | 29 || 0.24138 | 0.89655 | 1.00000 
  26888 |26888 |-805743 | 29 || 0.27586 | 0.89655 | 1.00000 
  26889 |26889 |-805773 | 29 || 0.31034 | 0.89655 | 1.00000 
  26890 |26890 |-805803 | 29 || 0.34483 | 0.89655 | 1.00000 
  26891 |26891 |-805833 | 29 || 0.37931 | 0.89655 | 1.00000 
  26892 |26892 |-805863 | 29 || 0.41379 | 0.89655 | 1.00000 
  26893 |26893 |-805893 | 29 || 0.44828 | 0.89655 | 1.00000 
  26894 |26894 |-805923 | 29 || 0.48276 | 0.89655 | 1.00000 
  26895 |26895 |-805953 | 29 || 0.51724 | 0.89655 | 1.00000 
  26896 |26896 |-805983 | 29 || 0.55172 | 0.89655 | 1.00000 
  26897 |26897 |-806013 | 29 || 0.58621 | 0.89655 | 1.00000 
  26898 |26898 |-806043 | 29 || 0.62069 | 0.89655 | 1.00000 
  26899 |26899 |-806073 | 29 || 0.65517 | 0.89655 | 1.00000 
  26900 |26900 |-806103 | 29 || 0.68966 | 0.89655 | 1.00000 
  26901 |26901 |-806133 | 29 || 0.72414 | 0.89655 | 1.00000 
  26902 |26902 |-806163 | 29 || 0.75862 | 0.89655 | 1.00000 
  26903 |26903 |-806193 | 29 || 0.79310 | 0.89655 | 1.00000 
  26904 |26904 |-806223 | 29 || 0.82759 | 0.89655 | 1.00000 
  26905 |26905 |-806253 | 29 || 0.86207 | 0.89655 | 1.00000 
  26906 |26906 |-806283 | 29 || 0.89655 | 0.89655 | 1.00000 
  26907 |26907 |-806313 | 29 || 0.93103 | 0.89655 | 1.00000 
  26908 |26908 |-806343 | 29 || 0.96552 | 0.89655 | 1.00000 
  26911 |26911 |-806432 | 29 || 0.03448 | 0.93103 | 1.00000 
  26912 |26912 |-806462 | 29 || 0.06897 | 0.93103 | 1.00000 
  26913 |26913 |-806492 | 29 || 0.10345 | 0.93103 | 1.00000 
  26914 |26914 |-806522 | 29 || 0.13793 | 0.93103 | 1.00000 
  26915 |26915 |-806552 | 29 || 0.17241 | 0.93103 | 1.00000 
  26916 |26916 |-806582 | 29 || 0.20690 | 0.93103 | 1.00000 
  26917 |26917 |-806612 | 29 || 0.24138 | 0.93103 | 1.00000 
  26918 |26918 |-806642 | 29 || 0.27586 | 0.93103 | 1.00000 
  26919 |26919 |-806672 | 29 || 0.31034 | 0.93103 | 1.00000 
  26920 |26920 |-806702 | 29 || 0.34483 | 0.93103 | 1.00000 
  26921 |26921 |-806732 | 29 || 0.37931 | 0.93103 | 1.00000 
  26922 |26922 |-806762 | 29 || 0.41379 | 0.93103 | 1.00000 
  26923 |26923 |-806792 | 29 || 0.44828 | 0.93103 | 1.00000 
  26924 |26924 |-806822 | 29 || 0.48276 | 0.93103 | 1.00000 
  26925 |26925 |-806852 | 29 || 0.51724 | 0.93103 | 1.00000 
  26926 |26926 |-806882 | 29 || 0.55172 | 0.93103 | 1.00000 
  26927 |26927 |-806912 | 29 || 0.58621 | 0.93103 | 1.00000 
  26928 |26928 |-806942 | 29 || 0.62069 | 0.93103 | 1.00000 
  26929 |26929 |-806972 | 29 || 0.65517 | 0.93103 | 1.00000 
  26930 |26930 |-807002 | 29 || 0.68966 | 0.93103 | 1.00000 
  26931 |26931 |-807032 | 29 || 0.72414 | 0.93103 | 1.00000 
  26932 |26932 |-807062 | 29 || 0.75862 | 0.93103 | 1.00000 
  26933 |26933 |-807092 | 29 || 0.79310 | 0.93103 | 1.00000 
  26934 |26934 |-807122 | 29 || 0.82759 | 0.93103 | 1.00000 
  26935 |26935 |-807152 | 29 || 0.86207 | 0.93103 | 1.00000 
  26936 |26936 |-807182 | 29 || 0.89655 | 0.93103 | 1.00000 
  26937 |26937 |-807212 | 29 || 0.93103 | 0.93103 | 1.00000 
  26938 |26938 |-807242 | 29 || 0.96552 | 0.93103 | 1.00000 
  26941 |26941 |-807331 | 29 || 0.03448 | 0.96552 | 1.00000 
  26942 |26942 |-807361 | 29 || 0.06897 | 0.96552 | 1.00000 
  26943 |26943 |-807391 | 29 || 0.10345 | 0.96552 | 1.00000 
  26944 |26944 |-807421 | 29 || 0.13793 | 0.96552 | 1.00000 
  26945 |26945 |-807451 | 29 || 0.17241 | 0.96552 | 1.00000 
  26946 |26946 |-807481 | 29 || 0.20690 | 0.96552 | 1.00000 
  26947 |26947 |-807511 | 29 || 0.24138 | 0.96552 | 1.00000 
  26948 |26948 |-807541 | 29 || 0.27586 | 0.96552 | 1.00000 
  26949 |26949 |-807571 | 29 || 0.31034 | 0.96552 | 1.00000 
  26950 |26950 |-807601 | 29 || 0.34483 | 0.96552 | 1.00000 
  26951 |26951 |-807631 | 29 || 0.37931 | 0.96552 | 1.00000 
  26952 |26952 |-807661 | 29 || 0.41379 | 0.96552 | 1.00000 
  26953 |26953 |-807691 | 29 || 0.44828 | 0.96552 | 1.00000 
  26954 |26954 |-807721 | 29 || 0.48276 | 0.96552 | 1.00000 
  26955 |26955 |-807751 | 29 || 0.51724 | 0.96552 | 1.00000 
  26956 |26956 |-807781 | 29 || 0.55172 | 0.96552 | 1.00000 
  26957 |26957 |-807811 | 29 || 0.58621 | 0.96552 | 1.00000 
  26958 |26958 |-807841 | 29 || 0.62069 | 0.96552 | 1.00000 
  26959 |26959 |-807871 | 29 || 0.65517 | 0.96552 | 1.00000 
  26960 |26960 |-807901 | 29 || 0.68966 | 0.96552 | 1.00000 
  26961 |26961 |-807931 | 29 || 0.72414 | 0.96552 | 1.00000 
  26962 |26962 |-807961 | 29 || 0.75862 | 0.96552 | 1.00000 
  26963 |26963 |-807991 | 29 || 0.79310 | 0.96552 | 1.00000 
  26964 |26964 |-808021 | 29 || 0.82759 | 0.96552 | 1.00000 
  26965 |26965 |-808051 | 29 || 0.86207 | 0.96552 | 1.00000 
  26966 |26966 |-808081 | 29 || 0.89655 | 0.96552 | 1.00000 
  26967 |26967 |-808111 | 29 || 0.93103 | 0.96552 | 1.00000 
  26968 |26968 |-808141 | 29 || 0.96552 | 0.96552 | 1.00000 
